-1.821489481939270096e-03 4.691848961558359871e-02 -2.625215686902415246e+00 1.066081066847317932e-01 3.174768447929774556e-02 -9.437667430919172151e-02
-2.514543222102030937e-03 4.623146568281150809e-02 -2.631061314197677969e+00 -4.522829963922300744e-02 2.991302021861529450e-02 -1.438726046246778245e-01
-3.865421264245389853e-03 4.496455567418059657e-02 -2.635680130894893836e+00 -5.993034078074732651e-02 5.233839941399057345e-03 -1.139864729063015392e-01
-3.315182649517671269e-03 4.278461007907567726e-02 -2.639839983191377026e+00 6.327833536972400641e-02 -1.254065033564991626e-02 -2.938344571340704980e-02
-5.683059673627910251e-03 3.891580736233320181e-02 -2.647660566381184744e+00 1.077421509645393044e-01 -1.337085928244605669e-02 -1.071940657039810035e-01
-5.541819795521152336e-03 4.088607604168800758e-02 -2.657191707883226783e+00 1.113570353077749792e-01 4.225539216319670888e-03 -7.224977830550000091e-02
-2.270173791136505595e-03 3.815646267027522631e-02 -2.660787260475046878e+00 -4.728702224868176762e-02 2.568334678478067026e-02 5.007529166735250753e-02
-9.617971677819379950e-04 2.856288391568174642e-02 -2.665321554896792122e+00 -2.502417062622401822e-01 2.208085737459698425e-02 1.883882364130455844e-01
2.612470144898685481e-03 2.237721445168716281e-02 -2.672494782418857184e+00 -2.059765295469150881e-01 -1.272388253671370185e-02 3.541265226379136655e-01
7.111436398562184617e-03 2.826773685589985957e-02 -2.676272172487864864e+00 -4.561522919518105207e-02 -2.454150989464825433e-02 3.361607825918665471e-01
8.030030417338006668e-03 3.870755915194316887e-02 -2.688618010767473976e+00 4.886651822350385893e-02 -1.339153646273666745e-02 2.089902635474200354e-01
2.347735321863117421e-03 4.528051740838398564e-02 -2.701664159936436604e+00 1.920608109638534955e-01 -3.129779158877570716e-02 -5.567531229449779184e-02
-5.609751769483665648e-03 4.680337287275054825e-02 -2.703865948265196550e+00 2.794221927219329160e-01 -3.520551108289171616e-02 -3.491683440365251356e-01
-9.240910139746811094e-03 3.848288619962390855e-02 -2.704413810924009454e+00 3.561211718517836699e-03 3.929389943794298068e-03 -3.801636248588673994e-01
-4.086040804488025660e-03 3.788385876149587272e-02 -2.706600521319057151e+00 -2.609264410187704386e-01 2.800991359739967226e-02 -2.419715021816949696e-01
7.063638473965033575e-03 4.667981679541317180e-02 -2.719149547016922241e+00 -2.235591422040518750e-01 -2.589169324344343937e-02 4.528650077996815987e-02
1.489774167022006254e-02 5.161279075390277915e-02 -2.730853978361711398e+00 -1.259462703469026862e-02 -8.463188167996854583e-02 3.016333116058539932e-01
1.419166477279660415e-02 6.141910320706510384e-02 -2.742614569337462171e+00 4.293474609365633410e-01 -8.811698672362643092e-02 2.460688523838220898e-01
4.260545485710642843e-03 5.534270386114759077e-02 -2.747936193177999087e+00 3.572227325231897010e-01 -6.437299789095182745e-02 -6.796528092330632320e-02
-6.046441732179698436e-03 5.190518092312178255e-02 -2.745876750420809032e+00 -8.824232612101952367e-02 -6.579456875742189723e-04 -3.888154722104070204e-01
-4.591714310411040834e-03 4.940792666715640435e-02 -2.749772352278100129e+00 -2.377674670708975757e-01 2.228132744598022158e-02 -2.804457315717637234e-01
9.137452507988197414e-04 4.648710325474845334e-02 -2.755172941499644423e+00 -2.789243979435427900e-01 -2.404392564660260898e-02 -4.860320527753136943e-02
7.367722055626121924e-03 4.826286691576935073e-02 -2.765250558295342387e+00 -1.553450442799672870e-01 -6.720397397844159182e-02 1.756211768593478051e-01
9.598839466970265910e-03 4.341362838570882177e-02 -2.768112623414232587e+00 -1.451033468291513528e-01 -6.635550305864157394e-02 2.438979362348842883e-01
6.412489719422487244e-03 4.709601000201632526e-02 -2.775723267820019657e+00 -1.478012728368825190e-01 -1.821674248944053429e-02 1.051703160161041178e-01
5.752670635795154030e-03 5.775158127443673350e-02 -2.790186500510351664e+00 1.055102840755299254e-01 9.019322747289698627e-03 5.542635223285749535e-02
3.415802216179819606e-03 5.661498237346256068e-02 -2.795065832334266531e+00 2.237489964009358734e-01 2.913667841604819508e-02 4.850503615055002521e-02
3.306553051002913968e-03 4.817910012566690992e-02 -2.793690670873886006e+00 7.341710852436345025e-02 2.551336817758593015e-02 1.992162727435811409e-01
4.151182718194715293e-03 4.226209890513857315e-02 -2.798504165964899926e+00 -2.871237377488489867e-02 -6.602238910234949770e-03 3.003282798835563705e-01
6.208585231967711504e-03 4.677652353557819331e-02 -2.809435474572602232e+00 1.885906492949104840e-02 -8.458261450150545216e-03 2.688634473198588393e-01
5.663240894026991268e-03 5.111197622887626857e-02 -2.814192557160986041e+00 4.520234849755395273e-02 1.500624988522262192e-02 1.868385445779586207e-01
-6.027447727922352616e-04 4.661465010800353026e-02 -2.817227341198879742e+00 -7.896393045241095407e-03 4.000217995866513221e-02 3.189447604484058930e-03
-4.932064864518921621e-03 4.258292210190614546e-02 -2.822737507083012076e+00 -5.992192406453050041e-02 6.386239531751601584e-02 -1.080627477106672479e-01
-5.951409072229286307e-03 4.295295119707199377e-02 -2.828838027903479713e+00 6.024077897455696641e-03 9.466903230107032163e-02 -8.365559815857891157e-02
-3.700139501857005464e-03 4.718903143009489654e-02 -2.838322606065126763e+00 9.100244404902606277e-02 1.130657056602664690e-01 -2.367177593203102434e-02
-1.700940579789395057e-03 4.758858611737736000e-02 -2.845092065932902869e+00 6.344631071568869463e-02 1.187708075206766606e-01 4.870338991988282934e-02
-2.724111505708226577e-03 4.445809499696772027e-02 -2.848653401897870197e+00 -7.572887773288996573e-03 1.282663027341622852e-01 3.598467654334931709e-02
-4.170609774049732765e-03 4.529991165249849794e-02 -2.854901273324500721e+00 5.079685387724688223e-02 1.312987355438454407e-01 1.334071316137406399e-02
-4.670101104993606977e-03 4.860938173316181610e-02 -2.856208317635974936e+00 1.280863942091632623e-01 1.102252239913330129e-01 -6.573535183649192870e-02
-6.015804641982813727e-03 4.957355411199287909e-02 -2.859317699424806847e+00 4.981506487013359630e-02 8.290934231402224963e-02 -1.652593828286989808e-01
-8.657079432754122283e-03 4.725482796473864933e-02 -2.860751990872060446e+00 -3.045023479412579601e-02 7.246737999693575460e-02 -2.164283172441690273e-01
-9.656478150599112631e-03 4.616130287096414930e-02 -2.856922189373847232e+00 -8.214798008270909337e-05 4.025360703896691678e-02 -2.079882170360087545e-01
-8.402875577395330087e-03 4.728824532182554496e-02 -2.857528520506875225e+00 6.167001586797647705e-02 -2.016723422323096065e-02 -1.468654592150685501e-01
-6.629518111425647398e-03 5.152258922893507287e-02 -2.854114128325754507e+00 7.269255103245728100e-02 -4.656893448209156045e-02 -1.284664204849550462e-01
-4.750906446312597176e-03 5.367733414080197440e-02 -2.848628734146508634e+00 1.125838699635661050e-02 -4.655775229296538892e-02 -1.695175494449081832e-01
-5.488122013417251477e-03 5.147877538899320315e-02 -2.843785900555090507e+00 -7.354617368661192645e-02 -5.201401329592548334e-02 -1.966901466417034783e-01
-4.634469679039104895e-03 4.830386625212845786e-02 -2.837318137633971560e+00 -8.149890054525009420e-02 -6.442252202269493910e-02 -8.149066207201915990e-02
8.761068455520604203e-05 4.858534579707199375e-02 -2.831143966425344161e+00 -2.938123469085558020e-02 -8.325725466456564139e-02 1.040911499922294037e-01
7.600123114450463291e-03 5.668784738199256212e-02 -2.826363565512437503e+00 7.979323398766889619e-02 -7.441391628620969145e-02 2.618415975990902034e-01
1.317601521377960438e-02 6.169133387083836073e-02 -2.826638391764873859e+00 1.513601093816193954e-01 -7.305243296893698668e-02 3.719574981760725985e-01
1.389236823713370025e-02 5.781090971533708878e-02 -2.823582680802118716e+00 1.065904396054550840e-01 -8.835098328029197812e-02 4.187162882924039264e-01
1.491887225657131943e-02 5.269143640957807406e-02 -2.809626165211511761e+00 8.953870762064140149e-03 -8.159568611436085472e-02 4.665457085729565745e-01
1.334021084239123134e-02 4.822544143606816158e-02 -2.802466948620377707e+00 -5.047912853696021052e-02 -7.939263802914850454e-02 4.332545162090783997e-01
1.458660140364001490e-02 5.366929984554363875e-02 -2.804413739193265087e+00 -4.314002828246379234e-02 -8.126114242529222653e-02 2.989444104049938100e-01
1.212720648669421419e-02 5.735542825386680255e-02 -2.798092804649670029e+00 -7.681284017428533471e-03 -5.934882299191133331e-02 1.387791968823103017e-01
4.461595011025110136e-03 5.381910348413015965e-02 -2.790235785583817574e+00 1.714938498299689237e-02 -2.813056204280132977e-02 -5.524500546161043024e-02
-2.839797636359775446e-04 4.897404702956292821e-02 -2.784502968660106603e+00 -4.507902558392664488e-02 -5.093001950024704516e-03 -1.377590815188533269e-01
-6.185133423641797634e-05 5.014002266866418589e-02 -2.775831821456520743e+00 -6.193027459322367895e-02 1.987425191268160987e-02 -1.097454734142642996e-01
2.147326338301697168e-03 5.267927456212534443e-02 -2.771577338524011225e+00 8.099897652247150387e-03 2.940593250179012255e-02 -4.023800092962009217e-02
5.710693224930091239e-03 5.102219659660528484e-02 -2.772561544192512883e+00 -1.451844325933760414e-02 4.387268905638197491e-02 -2.351652335458016482e-02
1.215322043965314652e-02 5.192776090824113844e-02 -2.768235882272819026e+00 -9.690901488100542652e-03 7.218591352327946575e-02 -5.710928412474814385e-03
1.969704527914638639e-02 5.609044764327558719e-02 -2.766277120626554620e+00 6.063480293319690323e-02 9.561562014549153388e-02 -1.435782496004958490e-03
1.783378047379287346e-02 5.801944546596587982e-02 -2.763235204045912496e+00 1.002905518134318830e-01 1.197353055174094211e-01 -1.435415150404227569e-01
1.395272798755328725e-02 5.609190278983822164e-02 -2.755954513793682281e+00 1.002182013735945093e-01 1.355289344605019874e-01 -2.444858099143220609e-01
1.611025372618990481e-02 5.432566704593611018e-02 -2.745941465675372228e+00 4.949901182292072016e-02 1.056621989318063948e-01 -2.367048381616428110e-01
1.846672692266920768e-02 5.101085812344918757e-02 -2.734798021031622284e+00 -2.993383350842553428e-02 6.291934757545129819e-02 -1.879957655099159519e-01
2.200748926411538742e-02 5.031094055065898907e-02 -2.728054277375349557e+00 -6.897652829317454937e-02 4.291889427950272562e-02 -1.442658168116443818e-01
2.859488779610425135e-02 5.122460399795103481e-02 -2.719429098662246247e+00 -5.178006673294037465e-02 2.356181928156944952e-02 -3.236129176851247624e-02
3.347478225323199941e-02 5.144061741648831010e-02 -2.710422166897075158e+00 -6.154589698838257988e-02 8.210460092224802818e-04 2.643638495446358483e-02
3.057137076214802573e-02 4.963906798966066791e-02 -2.704693015840447856e+00 -7.827704635618709661e-02 -2.093842119981684236e-02 3.020334015403446787e-02
3.223130655890435459e-02 5.122055254415319725e-02 -2.701293622692020335e+00 -3.110688536256076345e-02 -3.514263270013753132e-02 1.332664574161566140e-01
2.637566402570931667e-02 5.192583650120441430e-02 -2.694743741184367991e+00 8.645224058803137324e-02 -3.501544380231751130e-02 1.181401484485372355e-01
2.520042768315966519e-02 5.593723398661731849e-02 -2.690071064779701260e+00 1.683989939421334514e-01 -2.280983022704166641e-02 1.009880169636829805e-01
2.857250338262029565e-02 5.431736496788319712e-02 -2.685471850960169604e+00 1.441248690375176826e-02 -1.215466513829210372e-02 4.426116842354806818e-02
2.659729024564230077e-02 4.696364630034649545e-02 -2.679096179572127312e+00 -2.265108490310125400e-01 -8.884119573944915249e-03 -3.704519291709433559e-02
1.925637866721637004e-02 4.175900667748827511e-02 -2.674928599315222755e+00 -2.189342611869502797e-01 -3.302964599948265793e-03 -3.759981492919028945e-02
2.002747621487791299e-02 4.956031512193426192e-02 -2.680758784443270315e+00 7.367893187245982967e-03 -5.624122249154317466e-03 -1.530258021721487838e-01
2.817516078909035326e-02 6.080692835630285842e-02 -2.685425865751582819e+00 1.960546981649826659e-01 -4.215513328343677146e-02 -2.581220198451943948e-01
3.478955187112875436e-02 6.284641066082252703e-02 -2.679063286245281006e+00 1.593686954889683705e-01 -8.680360925768901281e-02 -2.265753354629291005e-01
4.079111473090180073e-02 5.942946321286268763e-02 -2.670027740612979983e+00 -4.466901278726641972e-02 -9.333362377456200232e-02 -1.412426886321020425e-01
3.891610137136580772e-02 5.150036377632533080e-02 -2.660336470471406756e+00 -2.205616513873947526e-01 -7.920930231244166508e-02 5.883402478802741975e-02
2.944640130100528719e-02 4.230583208836102838e-02 -2.652006373692231023e+00 -2.639738750312204396e-01 -1.004087189526961105e-01 2.213389650035373357e-01
2.132200285371144144e-02 3.884518200032423263e-02 -2.655094315256491200e+00 -1.390588950105182686e-01 -1.433869987835597049e-01 2.860450396801139106e-01
2.069913684976265600e-02 4.387466087667499237e-02 -2.664287131091896299e+00 1.118161223335779053e-01 -1.627944589609615633e-01 2.559932115048076939e-01
1.584856467160411508e-02 4.687713620343492149e-02 -2.667097344419119054e+00 2.649226080258001992e-01 -1.416586128812795942e-01 8.712395168246406252e-02
1.132479055866242312e-02 4.351622804113686183e-02 -2.668109869046460858e+00 1.805265033224037474e-01 -1.045819201416713917e-01 -5.202348861020153481e-02
1.693507087990520077e-02 4.449726394457981238e-02 -2.676899140161538071e+00 -2.394990931914745512e-03 -1.033054738519958160e-01 -2.825828835951094478e-02
3.688589902115047003e-02 6.408573999025529710e-02 -2.706701925783463025e+00 -7.009029866768176631e-02 -1.301108814559405746e-01 1.298945799946703838e-01
4.583930206348196812e-02 7.188889922443947311e-02 -2.719204189289285978e+00 -4.879153151645081871e-02 -1.369061277299871426e-01 2.171425545792785849e-01
4.116556935063275802e-02 6.460286427609210347e-02 -2.714710209378679906e+00 -8.276393306601236011e-02 -1.300720108447962209e-01 1.591443781821710313e-01
3.718869241904076972e-02 5.989280547287750833e-02 -2.712579355301841133e+00 -9.344058460074647354e-02 -1.273582078132407813e-01 1.053424769469744615e-01
4.007098584758583826e-02 6.859461054018897719e-02 -2.708645606025768870e+00 -4.714723251157265649e-02 -1.149663822368178906e-01 1.429542655672732740e-02
4.121630197568038056e-02 7.705959886763208422e-02 -2.712059969444453600e+00 3.059304744584701030e-02 -9.582994578520205586e-02 -7.806462706587402600e-02
3.937928433095327918e-02 7.623321615116107619e-02 -2.713976929870426602e+00 1.330275650581083935e-01 -9.109408192395712645e-02 -8.470918591259993247e-02
3.515425153179307927e-02 7.028889821473321975e-02 -2.705650135084482599e+00 9.175627881480315218e-02 -6.568840098623709989e-02 -1.119430889595595391e-01
2.833700904917346719e-02 6.456372792589892828e-02 -2.702343652038933897e+00 2.648238380060360941e-02 -1.660838353937800493e-02 -1.760570468269030964e-01
3.109741624451922704e-02 7.490718710841426375e-02 -2.705232785062833045e+00 5.244222327907612641e-02 2.051636307445710988e-02 -2.142062713893634895e-01
3.514254568644759047e-02 8.114693505675629748e-02 -2.704378190606718135e+00 9.208472378506301487e-03 4.982193100793162743e-02 -1.819522759850647764e-01
3.080584416529807967e-02 7.355076655504400041e-02 -2.698766038145606672e+00 -2.547235281220680200e-02 1.029555792876020448e-01 -1.777307378038617824e-01
2.706418693163770151e-02 6.931975558552561090e-02 -2.697364912056315234e+00 5.328978588586576193e-02 1.336847169975975691e-01 -1.624003118387160327e-01
2.568958695747314280e-02 6.912341977815050775e-02 -2.701562479393146532e+00 7.574382619930239424e-02 1.202816782176017729e-01 -1.608075433060124904e-01
2.539418195345377605e-02 7.343348974426633369e-02 -2.700050386184074114e+00 1.275798802106264604e-02 1.332178366908673695e-01 -1.320792857445549084e-01
2.543079307322382299e-02 7.230423154955600840e-02 -2.699189109796293451e+00 -3.157251048051751968e-02 1.463991532937272688e-01 -5.756150990304697429e-02
2.361474775616456689e-02 6.339015591045549236e-02 -2.696674143346399433e+00 -5.506061346178357102e-02 1.314841108115300250e-01 -3.666524142471162817e-02
2.222786007629617977e-02 5.911662729796812732e-02 -2.695397169196013465e+00 -1.302995144651572790e-01 1.161852022868414269e-01 -1.157785117668102687e-01
1.776024814231047522e-02 6.114297488008529902e-02 -2.691104892560474582e+00 -1.842086433416606772e-01 1.211947473144441845e-01 -4.111355968688863438e-01
1.416295584141402664e-02 7.748050476268864006e-02 -2.695711141299511837e+00 7.909312471037437120e-02 1.301035024390775341e-01 -7.059522725133821064e-01
7.087979345511086215e-03 7.491312885437173552e-02 -2.701582036022074362e+00 2.161377055179161399e-01 1.490305363132064520e-01 -8.265677093795225083e-01
6.277676759679939877e-03 6.120388542039112423e-02 -2.694175657019286518e+00 -8.352965930084928214e-02 1.542270512969895757e-01 -6.282831884876344253e-01
1.700651811496922683e-02 5.078312493555592333e-02 -2.688795339185617195e+00 -3.672613344837406535e-01 6.184710824618688124e-02 -1.955673791519637605e-01
2.969519444593482493e-02 5.274333894673643996e-02 -2.689378796493116397e+00 -3.316040524373435328e-01 -5.566149341718938659e-02 1.984435856125595643e-01
2.894448123916859572e-02 5.587751569140730901e-02 -2.692772646954836091e+00 -1.023571561574767724e-01 -9.039104215626872496e-02 2.178899616446197951e-01
1.328213332495620236e-02 5.806162952316139270e-02 -2.695606419981942281e+00 1.797419721040598162e-01 -8.188833059750713628e-02 -1.415200144641350355e-01
2.862748773544421255e-04 6.178916371369974625e-02 -2.698456432788418624e+00 3.658556415560225705e-01 -6.972590033492868933e-02 -4.683821606917590308e-01
-9.015630815571995527e-03 5.746801116177502333e-02 -2.698863119927892740e+00 2.270974735830527669e-01 -3.192568155327681761e-02 -5.504071142716991938e-01
-9.512361335667907092e-03 5.601052009792906183e-02 -2.695551874052085850e+00 6.248015393815235796e-02 2.456473580057918181e-03 -3.410878048167633736e-01
-2.415152598047365373e-03 5.920476621669823469e-02 -2.696909805934126325e+00 4.177141494564996782e-02 -4.449399001807588516e-02 -1.387412480289668820e-02
8.169320817213776564e-03 5.955962053239083343e-02 -2.699989183919825564e+00 -1.564328950231428511e-03 -1.167834754161164723e-01 3.146167051767565503e-01
9.532143430412309826e-03 5.434162562890826331e-02 -2.700420232154868927e+00 -1.606192834216571275e-01 -1.190426085566569925e-01 4.219287621512872732e-01
4.600068101049625824e-03 5.179937498390702055e-02 -2.701904224727229575e+00 -1.881274578722857416e-01 -9.223172874542756583e-02 3.588342179810053989e-01
3.672944071669403954e-03 5.371823503834061153e-02 -2.709448063181213229e+00 2.713844112668180666e-02 -6.684634511325303341e-02 2.778456885702335621e-01
6.449385365341342435e-04 5.628107821130623467e-02 -2.719270226925942779e+00 6.554546256586341046e-02 -1.125454046018709540e-02 2.092266429774453929e-01
9.227812767691467855e-04 4.937601825520165910e-02 -2.721286051420634067e+00 -1.491180993940508237e-01 4.400445762351581913e-02 2.035092856026273211e-01
6.250083260455507883e-03 4.261888413532877173e-02 -2.719981277235689276e+00 -3.046789540017282860e-01 6.266021241303311451e-02 3.090431541045064456e-01
-1.532969182629195792e-02 3.318990230376483996e-02 -2.724225670809943267e+00 -2.415153630434475340e-01 4.417687253335485925e-02 4.800039580311299403e-01
-3.417482531987947603e-02 3.582787566732847928e-02 -2.733420679188981239e+00 -2.703216644056568793e-02 -5.562182222857311314e-03 5.439779584175005178e-01
-1.510524352378572743e-02 4.961119946314379581e-02 -2.745236775061670187e+00 1.895573635582987748e-01 -4.925679760668699725e-02 4.542672718908042917e-01
-1.070789248634129720e-02 4.907950755254228414e-02 -2.755911126619423612e+00 2.549361317826255857e-01 -3.909381453166247550e-02 2.116684922292095261e-01
-2.097070475467699424e-02 3.256394512305671451e-02 -2.756218402767842690e+00 1.905414697074676866e-01 3.735547413599099587e-02 -1.427229903489702911e-01
-2.569528454537350903e-02 1.919279370671339580e-02 -2.752205855036493176e+00 6.909862746722211790e-02 1.411510174490390457e-01 -3.099682110087191855e-01
-2.074313170276709251e-02 2.064113193985933625e-02 -2.756909904536769318e+00 -2.429801570860548321e-01 2.154124772470128457e-01 -1.716793194089970831e-01
-1.041260206038996383e-02 2.003048524723549662e-02 -2.760913207080477605e+00 -4.927175903331952322e-01 2.072229033122377773e-01 3.479773024875418286e-02
6.501446733208626760e-04 2.525358535558974715e-02 -2.768084484469142126e+00 -3.104369985524784714e-01 1.223028701092558485e-01 3.339455010584873040e-01
9.428467471508661379e-03 3.436911167729705952e-02 -2.782781339124198894e+00 2.729270206932857268e-02 4.145542962683131105e-02 5.069095342570628659e-01
5.535980559384090505e-04 3.989924449920978500e-02 -2.789751882198203248e+00 2.558389168223426657e-01 -9.386657310069294533e-03 3.311016436653465567e-01
-8.344758081948955297e-03 4.652816921038177567e-02 -2.794965426365706662e+00 3.007643361473876786e-01 -3.941312349706556362e-02 1.431740068140220645e-01
-3.390114347089745461e-03 5.520695162892848284e-02 -2.800926183371785783e+00 1.714312869396406036e-01 -2.790550782765654353e-02 8.364157957229322385e-03
1.646280727157778401e-05 5.840009613791065368e-02 -2.805979489776632363e+00 9.143498817213313590e-02 -9.253093220662818742e-04 -1.224453407063009064e-01
-4.084566195079242235e-03 5.883459744783878231e-02 -2.812457009200187485e+00 6.977934432986268587e-02 4.310756989909273265e-03 -2.339494191697154835e-01
-3.196052251552838896e-03 6.159361966535456534e-02 -2.816456102736452749e+00 2.567655300700831186e-02 -2.078936089387202132e-02 -3.009842619295529653e-01
-8.356612751928560456e-04 6.862164558515543300e-02 -2.826787070301435278e+00 5.575439252374658067e-02 -4.046544537751851217e-02 -3.244835085953526876e-01
-5.110791976908890533e-04 7.338109803211967375e-02 -2.837662128144557983e+00 1.586938862705434827e-01 -4.232995640280107913e-02 -4.052350593355493191e-01
4.278427070227186491e-03 8.065093579259130507e-02 -2.840925750454630361e+00 1.055491198599393804e-01 -3.654812773687619865e-02 -4.304165086839348286e-01
1.248182930579710970e-02 7.314117926143287596e-02 -2.841925845515078208e+00 -2.401024918675356834e-01 -2.422345883515026818e-02 -9.071402296620112438e-02
2.749735796388774745e-02 6.899637938100333656e-02 -2.843721787585820948e+00 -5.644415732901720828e-01 -3.339092153340692676e-02 4.803929784890606514e-01
4.300381200490099864e-02 7.668616876095391000e-02 -2.856633625993765691e+00 -3.525101921190139653e-01 -8.979916130062992607e-02 9.096060765014579719e-01
4.778171469661751658e-02 7.759483911784137433e-02 -2.870585074443596341e+00 2.110671159372372319e-01 -1.498257387755460579e-01 1.009297146027475778e+00
3.619715127575395819e-02 6.538697677746477255e-02 -2.875035955412073463e+00 3.788023438412300714e-01 -1.255263988431892241e-01 5.589263330223301907e-01
1.492609865097205279e-02 4.819538601627192109e-02 -2.875566384056327252e+00 1.350113023882524022e-01 -1.274658283899412874e-02 -3.167360430172127400e-02
4.199514948133309389e-03 4.806532719039124935e-02 -2.885812645634274531e+00 8.815778264985534138e-05 9.740575249625467447e-02 -2.938802960563575151e-01
3.196829026115954875e-03 4.630757474454584577e-02 -2.897512143801549200e+00 -1.883514036305748750e-03 1.313278663095499010e-01 -3.193032185032247949e-01
6.794056265327919064e-03 4.267297152053628473e-02 -2.904937927592300184e+00 -5.493816278306276613e-02 9.371740256163478555e-02 -1.214377626777708441e-01
1.296207486557121591e-02 5.549821026538090396e-02 -2.917026701727962745e+00 -4.260653787986032337e-02 3.555639558189355176e-02 1.035801273506926218e-01
1.704447091868854791e-02 6.776252502158647273e-02 -2.922060485059887469e+00 6.386471059274580198e-02 1.319298048072915959e-02 1.546648877048798776e-01
1.567377746340814504e-02 6.905750761633283608e-02 -2.929275313316622942e+00 4.823751871977005612e-02 2.062008547366266098e-02 3.809137862454672896e-02
9.121034972810027064e-03 6.397240926373776171e-02 -2.941184056415409032e+00 -8.827308379919762693e-02 3.593420061701994156e-02 -5.792652629153297039e-02
2.919659264513652097e-03 5.442876065042007161e-02 -2.947387236280434308e+00 -8.596547520121344821e-02 3.357497938006022420e-02 -6.721048821246869420e-02
6.200506133974270639e-03 5.407892560557342465e-02 -2.955562125847876587e+00 1.408293467358665181e-02 3.689642213806294119e-02 -2.282356415004579975e-02
1.306529939751388536e-02 5.749811116291125845e-02 -2.957795160779227217e+00 -1.180442599978821783e-02 4.540481349888779439e-02 2.201773798145254327e-02
1.223196571018592138e-02 5.962562478334926253e-02 -2.963519174140685664e+00 -4.701453028759856184e-02 3.094870944016597444e-02 4.716949207765202406e-03
9.080116185137432350e-03 5.622348329224896579e-02 -2.970313536861880266e+00 -1.230990568130093873e-02 3.118643376481860033e-02 6.586193352921937416e-02
5.491731141599953681e-03 5.031011731161405542e-02 -2.973727919657420671e+00 -2.003945807810005378e-02 3.941717184465351465e-02 4.246945351623625242e-02
1.999596483591492557e-03 4.864460984954366296e-02 -2.979818520504977641e+00 -1.687053843972189521e-02 3.471630580252094145e-02 8.330268761419014692e-03
-1.786618298832975960e-04 5.129029887678310251e-02 -2.981416087524905834e+00 1.426977717222723506e-02 2.124129859165177839e-02 -2.526212704677938473e-02
-1.267913891988825537e-03 4.975772324348615161e-02 -2.982148699619813215e+00 -2.865299427493165144e-02 -4.462728866317992827e-04 -1.259855966524551785e-01
-2.476836713261654221e-03 4.368320659677893403e-02 -2.985313992127174743e+00 -1.632470004278868680e-02 -1.597564333777440684e-02 -1.367560415333437251e-01
-3.983787652953207914e-03 4.491216115211982274e-02 -2.991079482085268637e+00 6.313529405265558281e-02 -2.074628296056610713e-02 -1.559429179374860197e-01
-2.584645748774039298e-03 5.088245669328594900e-02 -2.992465318167063515e+00 6.790917080773449521e-02 -1.065928225164609715e-02 -1.001603412176222674e-01
1.654482922972211334e-03 5.718354251436469360e-02 -2.996982416706174490e+00 1.582494451720322867e-02 5.390737985490837852e-03 1.247889006899602013e-02
4.801783028266171094e-03 5.873799753763864206e-02 -3.006963432520876722e+00 -7.985854874290855554e-02 -7.932406910875241038e-03 6.112135769266991564e-02
6.888725309418530784e-03 6.151433124675298458e-02 -3.011013057491311429e+00 -2.518783426985233415e-02 -4.300293408541548679e-02 1.125181964327907347e-01
8.275970794414222453e-03 6.700403726453738051e-02 -3.015651682733334837e+00 1.846820267605838450e-01 -6.683473182564454718e-02 9.101472134788930746e-02
5.968478899904150481e-03 6.477186465545259342e-02 -3.021231531604968268e+00 1.613201733285350437e-01 -6.571854523507582313e-02 2.672113165729841575e-03
5.795978376802568555e-03 5.991068475122485193e-02 -3.027031636046643825e+00 -6.904812052050438020e-02 -5.685491038262569657e-02 -1.169024545264270212e-03
6.061619556516628649e-03 5.656032084187273545e-02 -3.030912385785569541e+00 -1.693699819438971854e-01 -5.945606208090306599e-02 1.227505802095736100e-02
4.641885514722998707e-03 5.293325608655541359e-02 -3.035884418871262369e+00 -5.204412062424464830e-02 -4.947863224797643955e-02 5.707901758089133776e-02
2.224705695239137526e-03 5.257780089339686436e-02 -3.045739913851548408e+00 7.999672279925738871e-02 -2.097515328332021783e-02 3.100356312695439626e-02
7.312161687389462372e-05 5.396391288379273621e-02 -3.045104681628629351e+00 9.625163129669497830e-02 1.446354228029722751e-02 -2.345280364790344046e-02
1.787213088106698322e-03 5.650508184165001224e-02 -3.048679041452999172e+00 6.117369849205912119e-02 3.080559067000205806e-02 2.337182353025471851e-02
2.727679654900949657e-03 5.484791977252173600e-02 -3.055872395655995888e+00 2.422343560430388620e-02 1.069079997139898118e-02 1.027946175395702960e-01
2.759408724949841130e-03 5.054039727588530151e-02 -3.060574486608345524e+00 7.099728056995761871e-03 -1.405071865369879498e-02 1.402081571577065977e-01
1.960476246550379997e-03 4.906787213839691741e-02 -3.064375941782685686e+00 3.066810103171095474e-03 -5.266613763140952191e-03 9.059350293136111953e-02
5.178113488017999089e-04 5.208674190405690463e-02 -3.065962674801312460e+00 1.967324337183892768e-02 5.934769895028607981e-03 -5.602427081173387557e-02
-8.220512161114523764e-04 5.880478895668128647e-02 -3.072610171012428282e+00 7.019266323473892510e-02 5.529469049742394629e-03 -1.762341099610090500e-01
-2.487690342526605036e-03 6.146926802504937282e-02 -3.077155583768387714e+00 1.103279325355948220e-01 2.985322691317524382e-03 -2.475483841153698350e-01
-5.044538117647601183e-03 5.705911052581258414e-02 -3.073910145792297044e+00 1.377281295568085796e-02 1.500237051743721732e-02 -2.500463521899394803e-01
-4.722602751727755788e-03 5.101257011446766465e-02 -3.072784945218359098e+00 -1.256831446884432713e-01 3.392170379786588197e-02 -1.586729586939018832e-01
-4.909487360471587181e-04 6.114871043012259921e-02 -3.075971497944408384e+00 2.273803649286231313e-02 -1.674301196905308986e-02 -1.819930458739568158e-01
6.046650118024743392e-03 7.707652997712499676e-02 -3.083749442813711994e+00 2.486679329413566397e-01 -5.785085562697594302e-02 -1.720243802055236582e-01
6.297159693721354756e-03 8.498697742262484311e-02 -3.086481313812157623e+00 8.741642784683816003e-02 -3.292341819632348121e-02 -1.718192751716833000e-01
4.288251852390345675e-03 8.411010332960655589e-02 -3.080307954379350122e+00 -1.455538532577576871e-01 -2.415740977090858124e-02 -1.601514880958759268e-01
9.483745062402570980e-03 8.502187535315330891e-02 -3.078794231571180262e+00 -9.286149963815734654e-02 -5.349826378522622161e-02 7.020494811482693928e-03
1.512305290487359066e-02 9.043853098482157460e-02 -3.080524649750145727e+00 1.682419768439031432e-02 -9.916090025683553522e-02 1.400846928196989027e-01
1.720974374110273430e-02 9.144818513933916648e-02 -3.087546031834847327e+00 -2.477682274843638448e-03 -1.171811094748659854e-01 1.817680246033774594e-01
1.828636103533209933e-02 8.806829901019974649e-02 -3.088456308926140537e+00 -2.924241314518152488e-02 -1.102151374309821852e-01 1.655546332706447077e-01
2.238048825510352557e-02 9.555414155026265011e-02 -3.088342138735640674e+00 -2.579308613228202193e-02 -1.005219697532085260e-01 1.116096632928614968e-01
2.250316907720240067e-02 9.920317413739104806e-02 -3.087793883739095691e+00 -5.528393455552935848e-02 -9.340413442563016977e-02 6.354833899562256638e-02
2.013368484683208948e-02 9.693923454831626652e-02 -3.091469922754470190e+00 -6.073638998546439238e-02 -1.000734950984687177e-01 -1.083964035751712809e-02
1.673563479971118539e-02 9.241637997159174445e-02 -3.100506516861685213e+00 -1.660735342434230266e-02 -1.000915881959372755e-01 -6.482561147296858617e-02
1.100737808432272757e-02 8.309401649238734588e-02 -3.104593928925964974e+00 8.496878114733037723e-02 -9.067706124527656619e-02 -8.582015937195378030e-02
6.999367600671213552e-03 7.814481886347846018e-02 -3.104633189747175948e+00 9.976962582857336337e-02 -6.224071334595850796e-02 -1.331967220809857910e-01
5.202006123135927140e-03 6.873659225400503836e-02 -3.095732675790827670e+00 -1.106423144403485131e-01 -2.339771353157199182e-02 -1.198837388913186891e-01
6.207348802792722609e-03 6.777561942961674024e-02 -3.099692186159188623e+00 -2.819848592416918653e-01 1.671409909766905649e-02 -9.290721151065475802e-02
5.785642910626442870e-03 6.981411203287013478e-02 -3.108500794273879819e+00 -1.643215130907324240e-01 6.873332099020199037e-02 -3.598476714462586074e-02
5.730805208679079499e-03 6.859447682491914833e-02 -3.110629597395984547e+00 2.173760080881198542e-02 8.888332648264896108e-02 -7.376406657292822189e-02
3.846323595011913454e-03 6.217966268470620506e-02 -3.115852899809169685e+00 3.929192678233113523e-03 9.869086788892417195e-02 -8.652061498495400294e-02
4.824311314612472756e-03 6.369129562846165271e-02 -3.121554658861100506e+00 -5.042850877888023498e-02 9.038182481532479329e-02 2.078318422384239916e-02
7.017097299506058761e-03 7.041139332014689778e-02 -3.131701939011463764e+00 1.375135296721536650e-02 7.278605920303340970e-02 1.779774077454329001e-02
7.184853981495820108e-03 7.416577654525924324e-02 -3.140871178369138761e+00 4.697838660644497455e-02 8.931755424132728494e-02 -2.296818060206497550e-02
5.197685054327827459e-04 6.760857791328872546e-02 -3.149628246495922212e+00 6.254547007891328447e-02 1.079794160209170684e-01 -6.219358655565564858e-02
-1.474673967819750686e-03 6.448597068148212430e-02 -3.164423006030858687e+00 1.344855990267288526e-01 9.109612006061144907e-02 5.451764848246458406e-02
5.364398502794021084e-03 6.813609633317951886e-02 -3.170855327260426293e+00 1.224607735562363298e-01 -4.539872642813195386e-03 1.215996462254850946e-01
8.355672462108554299e-03 6.999729009001234847e-02 -3.176282957677472041e+00 2.356546697508603988e-03 -9.191975023189054295e-02 6.324406375425767335e-02
4.261980633002870889e-03 6.705977728053094666e-02 -3.188450337347774166e+00 -5.614694329656719912e-02 -7.749963087476122170e-02 -4.092176892601813443e-02
-8.632281447016332265e-04 6.394000636863278464e-02 -3.195749691238461310e+00 -7.558687253929453898e-02 -3.194062325396264390e-02 -1.726484760982193445e-01
1.593604853764585272e-03 6.222853908362147024e-02 -3.202369038809081303e+00 -1.606845560343437562e-01 -2.729375284314375372e-02 -1.939321295477102747e-01
1.050802633746483750e-02 6.852298102759690757e-02 -3.210596080289747078e+00 -1.673279028706530225e-01 -1.716420863395391391e-02 -1.103428571240871181e-01
1.081579298327528527e-02 7.209873907272390525e-02 -3.221861994262837925e+00 -1.083484333586926390e-01 1.217688236502595528e-01 1.530095659510441117e-02
1.167257214881778360e-02 7.295984360324370144e-02 -3.225917946239007961e+00 -2.762930968383866051e-02 2.447598088334533573e-01 8.382577987449633949e-02
2.346363746843671549e-02 8.543216484777499398e-02 -3.235137735011107907e+00 2.049544891327433060e-01 1.457132850622785414e-01 1.537743343953895114e-01
2.338153632536510429e-02 9.000886833741528203e-02 -3.250547197815251366e+00 3.690686113400829527e-01 -6.567355479708107853e-03 3.019802081856332379e-02
1.491672663902443574e-02 9.026314362547382952e-02 -3.255607824287778840e+00 2.367357683728043005e-01 -4.106809844576428392e-02 -1.301069091106671904e-01
1.164091366328867672e-02 8.327494759154130399e-02 -3.257041489927075872e+00 -2.678272335870081344e-02 -2.789839596720756001e-02 -1.421417579515920071e-01
1.023380809543961156e-02 8.014606773022792119e-02 -3.258051419343928501e+00 -7.313289072307307959e-02 -3.530354721988943761e-02 -1.262675192052237216e-01
1.067018951443476915e-02 8.214042436424529026e-02 -3.261215076166649851e+00 2.601181615698683336e-02 -3.094014711422060984e-02 -3.694790005067594835e-02
1.206149720127980274e-02 8.486321601294666284e-02 -3.257220655326136693e+00 1.227929140775571235e-02 -3.944445843521066780e-02 -5.932051390734206092e-04
1.420446155318355608e-02 8.514668565540622902e-02 -3.254158132394366021e+00 -4.642651531733820586e-02 -5.547686239922083873e-02 7.484515734833628586e-02
1.606236073966726963e-02 8.553708539201745897e-02 -3.257812039753105182e+00 -7.848105107528004221e-02 -6.572811498882673298e-02 1.277963304089445862e-01
1.211228077402015657e-02 8.920162095710815198e-02 -3.255791795818311130e+00 5.918401578989911094e-02 -8.709073483737470034e-02 -1.889470323995346909e-02
4.390473692919893978e-03 8.481282150908064921e-02 -3.252976689553179312e+00 1.666863370118626397e-01 -5.635468818835487337e-02 -1.151532245729387505e-01
2.295335998562908486e-03 7.357951807184359705e-02 -3.245119126920883446e+00 -1.982112123741129606e-02 1.005900034464833614e-02 -1.217512125829913056e-01
7.042784585773897987e-03 7.843400593442084734e-02 -3.238368529328795375e+00 -7.770046617204064143e-02 1.711190338134037717e-02 -2.446964343967899386e-02
1.261793805749267250e-02 8.117047937475613262e-02 -3.232925367492555324e+00 -7.194692378455451454e-02 5.692969236236450521e-03 1.830125089468356003e-01
1.096688332907458374e-02 6.779562522319704243e-02 -3.220650350116272875e+00 -3.250083523937523089e-01 4.964838212828220215e-02 2.047957802765042745e-01
8.126149600095500247e-03 7.380455015454112644e-02 -3.218885359966066062e+00 -1.824512473749186903e-01 9.254792244091707143e-02 1.588776386390483297e-01
7.234789472896352436e-03 8.227268238253893085e-02 -3.218913614612802121e+00 2.612721182491693495e-01 9.921248878628667611e-02 1.225314332639210746e-01
4.486074149251839671e-03 8.353292675674550694e-02 -3.224772346655299771e+00 3.826240129956098857e-01 1.101375739730684200e-01 1.001133901326488190e-01
9.695276637344818482e-04 6.737394252661044192e-02 -3.223913968167551047e+00 1.141671706301933958e-01 1.299943018745750578e-01 9.614710255341447909e-02
-3.261285189262858042e-03 5.423480458971391416e-02 -3.206247313737151217e+00 -1.889022148372442589e-01 1.736190964636228073e-01 -9.878255687650255162e-03
-7.386648084897196043e-03 5.700450314446081634e-02 -3.202455451050127522e+00 -2.723948956815912953e-02 2.130998717788862573e-01 -9.440810580073473457e-02
-6.279280012435495273e-03 6.642560352552995262e-02 -3.202384242393804925e+00 1.392921718725262104e-01 1.660167402609206977e-01 -1.500679180243454369e-01
-2.535643265870302088e-03 6.756686814680967768e-02 -3.197648264788654160e+00 -5.123070748070606729e-03 8.208002618958021301e-02 -1.090432390975381027e-01
5.367181632028206195e-03 6.995850780574086603e-02 -3.192626541398169593e+00 -1.063537849517086215e-01 3.748294967002128303e-02 -5.381711946650818978e-02
1.098908242132523583e-02 7.383452941053014751e-02 -3.193135325717037176e+00 -4.835324645267066734e-02 1.373494448937642200e-02 -4.166320113032961903e-02
1.238902551418807896e-02 7.514058826514302680e-02 -3.190049139861287131e+00 -6.776036786967513763e-03 -5.662534956385288773e-04 -3.206029689026141521e-02
1.285902255745630107e-02 7.938787648079642656e-02 -3.184390495737034144e+00 -4.459656687137766862e-02 1.421986339758187108e-04 -6.546145009340997856e-02
1.177696607537415119e-02 7.879317244005455689e-02 -3.183941320621784143e+00 -7.243918552539353739e-02 9.198611207752600480e-03 -4.767760307545608478e-02
1.321209445233240132e-02 7.787726181042539664e-02 -3.181716926568583403e+00 -1.747356314732120830e-02 3.082304736468143101e-03 -3.900878602400988104e-02
1.499494386716437866e-02 7.269256207549373849e-02 -3.181996897916519629e+00 -3.706332282171990317e-02 -8.297256899206824701e-03 -3.714561620785840172e-03
1.344499792409781236e-02 6.992448543131413174e-02 -3.176678594478744344e+00 -1.276903806559873400e-01 -7.638193785169092656e-03 -6.227059675518731990e-02
1.051220202084024447e-02 7.611412457911240215e-02 -3.183059692432493648e+00 1.464089932683559740e-02 -1.071987038019128757e-02 -1.648687291990339199e-01
1.362065318721006335e-02 8.134168396972518700e-02 -3.194780194207851309e+00 1.508776624841676461e-01 -1.202741648661303175e-04 -1.733944004169690190e-01
1.555330291733580950e-02 7.486692302959171985e-02 -3.194442468206943886e+00 2.596523872082289255e-02 4.308346266780909220e-03 -1.269891219277954064e-01
2.236525608391515263e-02 7.375171037173278155e-02 -3.202918121827792675e+00 -9.032459698864148123e-02 -2.372426369703743362e-02 3.254749187457043474e-02
2.928264889178389119e-02 8.007256721700992119e-02 -3.194222895961729591e+00 2.157627693067471278e-02 -4.927979325850982695e-02 1.789459773820345212e-01
3.178695868417025228e-02 8.343808475493424970e-02 -3.228783464255968738e+00 8.874208033381442151e-02 -5.705035660571798617e-02 1.914745267382293725e-01
3.070842809242019245e-02 8.384349448988220876e-02 -3.249988411596348215e+00 2.494971019149057681e-03 -5.001578894099541206e-02 9.954171226651854776e-02
2.563768676688474302e-02 7.565496284210405931e-02 -3.165739428929953192e+00 -6.018249014753460774e-02 -3.434730824157163076e-02 1.275942563161846545e-02
2.228033654376060380e-02 7.133675098049632735e-02 -3.162045726622295660e+00 -5.987046086605949530e-02 -2.932228528887526747e-02 -1.032950595809241064e-03
1.655016696860187042e-02 6.814185341856263123e-02 -3.211838793157710370e+00 -1.725033119316300365e-02 -2.896512776103708081e-02 3.118306644440749578e-02
1.482798840094545767e-02 6.814232695288532926e-02 -3.219824323110685782e+00 3.620631681531556473e-03 -3.077658002283806607e-02 8.797106969766763096e-02
1.741618717721116205e-02 7.204727262604149196e-02 -3.227268722287988112e+00 4.806862985066840538e-02 -3.671940273723035830e-02 1.400964795483982395e-01
1.853900472875230632e-02 7.311008572255600635e-02 -3.233707999567741354e+00 6.048289111302479482e-03 -3.400829182172933340e-02 1.401461966326215669e-01
1.779007521740100239e-02 7.122072385065086886e-02 -3.231046021528754864e+00 -6.885273755738335888e-02 -3.065077216529118673e-02 1.156271038788556499e-01
1.754553039999184882e-02 7.256109005759991959e-02 -3.227034803434605692e+00 -2.814346451822006059e-02 -3.411254764886792468e-02 9.231877176738671753e-02
1.583776081465793073e-02 7.376699911132679477e-02 -3.234465435941615397e+00 5.807760366501976690e-02 -3.327756945945933159e-02 1.141575728059688599e-01
1.418483545067528162e-02 7.089453980234949881e-02 -3.238014398194195564e+00 9.372484410633713514e-02 -3.698755521461546264e-02 1.358894051929824265e-01
1.313480830554825118e-02 6.565746408583206239e-02 -3.250160378041755393e+00 2.829622320926774258e-03 -4.463227993270681149e-02 1.024327722263769086e-01
9.732497007216123208e-03 6.878167439019852725e-02 -3.251955180368213405e+00 -2.996119337528528256e-02 -3.671771381322405658e-02 3.917919341925781007e-02
