-4.697439628264911751e-03 6.515794156817256155e-02 -3.941693050885756833e+00 3.073710007739121133e-02 4.191707101600850721e-02 -1.956761733189800734e-01
-3.776489292010756348e-03 6.985169674333570333e-02 -3.950316526019746810e+00 -2.930073914218153663e-02 2.486438642225530585e-02 -1.565960653431762717e-01
-5.496580226292179482e-03 6.594813701884076618e-02 -3.956233792708923946e+00 -1.255375306164091195e-02 -2.134550682784538793e-03 -1.306295864668063633e-01
-6.833842659561705293e-03 6.428680526901453529e-02 -3.966883566573212061e+00 1.236599642933336324e-01 -1.843551196155188837e-02 -1.199353771091323517e-01
-7.600183439654678054e-03 6.225895496156195336e-02 -3.977743586788287544e+00 1.587176335884791234e-01 -3.204687563162062890e-03 -8.891171862418532912e-02
-6.743662124213999423e-03 5.577484687707538746e-02 -3.987890271581688850e+00 1.305107161121618620e-02 1.968281341753990235e-02 -4.045853051508595949e-02
-2.962878904060394641e-03 4.373964753819025580e-02 -3.995519569073034738e+00 -1.992402587336341013e-01 3.223144760619163496e-02 2.066382966546661537e-01
2.357795527458237880e-03 3.704284699901602002e-02 -4.003190198775600450e+00 -3.042699553198912610e-01 2.971444058463558382e-03 3.858687189158763742e-01
7.304955507156358704e-03 3.985081093607276831e-02 -4.010922457937070362e+00 -1.976409834331288307e-01 -1.800133222133930289e-02 4.927869039683329122e-01
1.081092062006607825e-02 5.084768665716125902e-02 -4.026450230522172546e+00 -5.145065222027274919e-03 -3.284666383474656171e-02 4.064751465965062982e-01
7.603319315588812771e-03 6.683622960696118664e-02 -4.040028042864612701e+00 2.003525400993166894e-01 -3.698809887843172023e-02 8.296867378414857219e-02
-1.254800510172971936e-03 7.403760395541536532e-02 -4.053946751604131649e+00 3.198970128730336815e-01 -4.361590658520207719e-02 -2.788767522532457077e-01
-1.080156812705757724e-02 5.961770979135806031e-02 -4.055937348208555449e+00 1.551235737764655453e-01 -1.910697200446601768e-02 -5.061505283268433741e-01
-9.065402021705727675e-03 5.449389396727170876e-02 -4.059078803243671985e+00 -1.332093309949040072e-01 1.455185864026364156e-02 -4.650443478375232975e-01
3.154763959281526274e-03 6.005923497042326559e-02 -4.071191833430091833e+00 -3.476855991841450999e-01 -9.648969968615738260e-03 -1.118373707301600212e-01
1.745302036337324780e-02 7.377454797985213975e-02 -4.085439259335753803e+00 -1.491664022019833780e-01 -7.312117066358810036e-02 2.167583180494085382e-01
2.168874142103791730e-02 9.795539328249422417e-02 -4.106904321979016004e+00 3.422294236968476122e-01 -1.263829900464555622e-01 3.759624730591284991e-01
1.413489344952765375e-02 8.738169801496278866e-02 -4.114111900485003304e+00 4.314589675516377065e-01 -1.126112413025909392e-01 1.032431597388684397e-01
-8.649626554740677542e-04 7.916026584578490788e-02 -4.122353928992591676e+00 2.667949438676737173e-01 -4.042782285498013051e-02 -3.138954686204857292e-01
-6.407410870832401517e-03 6.962323218977378714e-02 -4.121373421888225863e+00 -2.356056077971007690e-01 -2.795890337138475651e-03 -4.231653930557947585e-01
-2.682946750429626714e-03 6.796762511406284624e-02 -4.129627346618423900e+00 -3.692179001076811296e-01 -1.188792566523004871e-03 -2.947491069284499110e-01
8.473336038671758219e-03 6.931304570167354240e-02 -4.140684667762222659e+00 -3.026791601352200600e-01 -6.843544114923497124e-02 1.412714384208618446e-01
1.190808689246582175e-02 6.480092472264037395e-02 -4.147916634347556197e+00 -2.766506104411265432e-01 -8.921820661695858967e-02 2.297027669340243605e-01
1.239255651507681355e-02 6.749433031073086287e-02 -4.161272682837815040e+00 -1.716532477775333243e-01 -6.209832743497971375e-02 2.951488309085593120e-01
9.011430384617769018e-03 8.267794152174945399e-02 -4.172716791279604820e+00 -1.571869856972757384e-02 -1.346583619502646732e-02 1.093248213524383033e-01
5.713190430857120750e-03 8.740963420502799452e-02 -4.188097119721149397e+00 1.972071836009674228e-01 3.308088723173110285e-02 9.974100593900703249e-02
5.421723599242353475e-03 7.916239815790157563e-02 -4.190762199491508966e+00 2.054926215549614521e-01 3.050116133120494774e-02 2.034194250010858684e-01
5.367888539327139719e-03 6.676114806594216078e-02 -4.196520746616052122e+00 6.295611600502382110e-02 1.757017290675966584e-02 3.446164728503438024e-01
8.524761572372502316e-03 7.067557678484377715e-02 -4.205105634782555057e+00 5.786177185740939109e-04 -7.160164210544660811e-03 4.237875340305676253e-01
7.023602732087338985e-03 7.130397375418748296e-02 -4.216999351484524539e+00 3.480693717431420503e-02 6.912048650604079789e-03 3.322371178988973162e-01
2.862140749047559218e-03 7.339562034256642831e-02 -4.223857491112873674e+00 2.148329016593719318e-02 3.961463159601286144e-02 1.266521695884247900e-01
-4.833671760359266323e-03 6.485482289705918335e-02 -4.230337608245633874e+00 -4.397569262964220321e-02 7.937353400274352322e-02 -4.470286673694991858e-02
-9.894147219610158889e-03 6.656356940147281631e-02 -4.238472908674530970e+00 -1.787443822431108997e-02 1.192062535394289718e-01 -1.438332895208880857e-01
-8.811545831280187535e-03 6.944566984652707220e-02 -4.251364163629951065e+00 5.482667844817450120e-02 1.525109533172375464e-01 -7.147651085646307412e-02
-6.922878996240069971e-03 7.105139742393096203e-02 -4.260832705406592424e+00 1.055239075778674901e-01 1.740749084255033829e-01 1.294705382768556075e-02
-5.921930757874005469e-03 6.835031304610991731e-02 -4.271224443626621792e+00 4.134097705504338749e-02 1.860385826170530832e-01 4.807560950337207845e-02
-7.606171811747469702e-03 6.970605877076671564e-02 -4.277403617370424627e+00 6.542739988535301032e-02 1.922694502620101442e-01 4.998514232723515194e-02
-8.267244668632489635e-03 7.366159825175480624e-02 -4.282269725033948760e+00 1.059232778574370482e-01 1.774753431637826340e-01 -6.616709952740013057e-02
-9.704062490067555391e-03 7.244973509562555036e-02 -4.288108480185250926e+00 1.227949226033694802e-01 1.469463597503667951e-01 -1.513665612431042418e-01
-1.223080750953398077e-02 7.211816730883310878e-02 -4.288179251652131541e+00 2.456451490688260977e-02 1.186144841100483099e-01 -2.960870602930197326e-01
-1.385077582991389722e-02 7.026687435835143880e-02 -4.288819084898996437e+00 -5.391614697560377818e-03 7.698062240535043232e-02 -2.936093404521109562e-01
-1.237601688274553302e-02 7.261692578479672644e-02 -4.286348134951651900e+00 3.656840622170701161e-02 1.575130933135521563e-02 -2.776180185107147702e-01
-1.045513055205737896e-02 7.509090032079346333e-02 -4.282177720865533388e+00 9.783065544024339977e-02 -4.205237765238237918e-02 -2.056735053721903406e-01
-7.521878014165095383e-03 7.858967329308089167e-02 -4.278078518383232165e+00 4.787637140766355659e-02 -7.117914349626569548e-02 -2.391779934957236065e-01
-7.310611005228007109e-03 7.565279331728375078e-02 -4.268497013655945693e+00 -3.738837122389155471e-02 -7.406712008951667203e-02 -2.554572871667812883e-01
-5.208875221379499765e-03 7.457530369494214106e-02 -4.261298275035009908e+00 -1.062456061290794340e-01 -8.913434581468523965e-02 -1.921875041723965505e-01
-1.889688512563048040e-03 7.224594482242097104e-02 -4.250982300566981564e+00 -7.798420942447374660e-02 -1.106666287850815722e-01 1.812577012370497620e-02
7.765387134120324553e-03 8.338720672996877137e-02 -4.243808880451780396e+00 4.696093344002490871e-02 -1.114280373849458050e-01 2.662630449012713396e-01
1.533881154479320441e-02 8.921400861057815490e-02 -4.240233297750208408e+00 1.546820927449194250e-01 -1.195642532142312531e-01 4.714556234584151295e-01
2.226518044237462898e-02 9.152483213215423241e-02 -4.236243360056874963e+00 1.827330432096503088e-01 -1.166845113818872626e-01 5.809470519423592938e-01
2.244563303695130962e-02 8.176277108747886935e-02 -4.223565423236664174e+00 8.374948817889615871e-02 -1.264357703091403273e-01 6.762505887609990829e-01
2.226697303124243466e-02 7.526953538921882236e-02 -4.212130165145765659e+00 -1.911303296825648743e-02 -1.226356283262925034e-01 6.423225199942230734e-01
2.337022842478497786e-02 7.765475412302563774e-02 -4.204390837684371718e+00 -6.606677039691605247e-02 -1.193171411455282854e-01 5.564726833644111359e-01
1.900476292262706646e-02 8.106984283242324452e-02 -4.200580125282442623e+00 -3.559510835318106109e-02 -1.005920145334817939e-01 3.145217479394162297e-01
1.335356489841410532e-02 8.437375970750710108e-02 -4.192143640680583871e+00 1.803474666415345222e-03 -6.820852358872457610e-02 6.793954220971482050e-02
3.391456619560057062e-03 7.488964337462966636e-02 -4.180701905595881840e+00 -3.743479686776261806e-02 -2.437199892283738525e-02 -1.221558931364494227e-01
2.264040205081641055e-04 7.520332682690156201e-02 -4.169922283809228247e+00 -5.244860801992088511e-02 1.096100577394293514e-02 -1.805657144926187951e-01
5.065137717110423932e-04 7.660914155377157586e-02 -4.161989120734972403e+00 -4.651497527032760759e-02 3.322652278149323957e-02 -1.071751690396809953e-01
5.915894580773906064e-03 7.725583502582517026e-02 -4.157982198099759330e+00 -2.188218552661776173e-02 5.993350590224250790e-02 -6.632790260529854154e-02
1.162598853170707103e-02 7.741494461030468122e-02 -4.154411501766077208e+00 5.753156879653373301e-03 8.550907947922747887e-02 -3.148214455913663466e-03
2.260761650838345738e-02 8.358221942110094504e-02 -4.152632571213715096e+00 3.063073226783639275e-02 1.261917912830539945e-01 -2.747804087994615979e-02
2.296432523285638072e-02 8.583440030341993321e-02 -4.145066970440439036e+00 1.206218994052233456e-01 1.613277017971651295e-01 -1.231158403281557151e-01
2.385830782069034428e-02 8.818092878499483867e-02 -4.140351263228353673e+00 1.404938179424449485e-01 1.895688676237040349e-01 -2.662093629640651660e-01
1.999759724772767755e-02 8.238484557424774479e-02 -4.124756045833237295e+00 1.092631049033813972e-01 1.714777120759918838e-01 -3.584286260331912555e-01
2.630284804827082157e-02 7.851247880258238609e-02 -4.111960117907855761e+00 1.030925220244150418e-02 1.325878138315164378e-01 -3.107841531965285231e-01
2.870250841977739498e-02 7.452228366010371641e-02 -4.096892018194324692e+00 -5.986365531098283149e-02 7.869152370692016063e-02 -2.582731907209883104e-01
3.946987572601273753e-02 7.606249843568357871e-02 -4.085431616521475462e+00 -9.088860431807069262e-02 5.058216786359699679e-02 -1.063928516598873497e-01
4.437660085690844913e-02 7.494183279180155477e-02 -4.072511063033758205e+00 -9.142477008851855602e-02 1.661587183666921388e-02 -4.382521043687146595e-02
4.891630538720720400e-02 7.457437512514386579e-02 -4.062077254749468125e+00 -1.001835848975574372e-01 -1.316828512536328405e-02 6.808212847535788370e-02
4.844634043268838952e-02 7.612799487029875412e-02 -4.054348312923806930e+00 -7.074848397191735305e-02 -4.207240316621097681e-02 1.218225815540003865e-01
4.196090926965936885e-02 7.893192834975198968e-02 -4.046324390978369934e+00 4.779555358023286626e-02 -4.908537370531180360e-02 1.597652930207359157e-01
4.264244263147770608e-02 8.601552180185600971e-02 -4.039655175978680290e+00 1.759020724089919996e-01 -4.420887272056016337e-02 1.925475501211687257e-01
3.794562634353955410e-02 7.863940205132358141e-02 -4.030575370255462531e+00 9.334147210748378054e-02 -2.592064424346918888e-02 7.080505129622985394e-02
4.273782715957165357e-02 7.148764497991660916e-02 -4.024201278090430378e+00 -1.370536628041345018e-01 -1.759892513030794289e-02 3.745200658795977411e-02
3.191285132158403620e-02 6.286869028638469858e-02 -4.015452907208455713e+00 -2.939843991456195238e-01 -6.661382992134780127e-03 -6.779995283678021123e-02
3.412315309778261863e-02 7.396419654410157918e-02 -4.019352426388095978e+00 -1.440933238149492146e-01 -1.118449284516158555e-02 -1.598676396773778541e-01
3.466214797744969489e-02 8.442071136544782028e-02 -4.021650791489349785e+00 1.286051880359548871e-01 -3.978358802893502966e-02 -2.888793405653786728e-01
5.135382762786838695e-02 9.527402775634741250e-02 -4.023438152904788012e+00 2.343892527200862330e-01 -9.439409530268255688e-02 -3.488606109260125043e-01
5.593531461226480817e-02 8.759391877225275458e-02 -4.011042533131970345e+00 7.669789959417692982e-02 -1.279221959717110890e-01 -2.770580520089238608e-01
6.136130424111546633e-02 7.910571482526665421e-02 -3.998502838502844270e+00 -1.823374783353362005e-01 -1.319688832137820844e-01 -3.167422695586945280e-02
5.087969773690798059e-02 6.490630395012485232e-02 -3.984005452494599808e+00 -3.467180495186056310e-01 -1.414328981664003948e-01 1.709191444624349188e-01
4.341832397839295865e-02 6.174519500699883479e-02 -3.983469672331494849e+00 -2.770953055220806704e-01 -1.814175846206083631e-01 3.954820708971165666e-01
3.351955250790006335e-02 6.569010404497560573e-02 -3.987821936813404022e+00 -1.459364445994872431e-02 -2.253655474826241900e-01 3.677830814179491870e-01
2.944772564583830743e-02 7.298231056880688516e-02 -3.998459633043310646e+00 2.516838079377904380e-01 -2.235207127867681887e-01 2.608685826272323371e-01
2.227257773750856984e-02 6.872908570882219070e-02 -4.000870720868647368e+00 3.052492241437279041e-01 -1.861965864633128853e-01 2.976995313526224415e-02
2.531076246014540843e-02 6.702988909168444698e-02 -4.011198129175099325e+00 1.377319831501729319e-01 -1.634067990740875886e-01 -2.298256196591769510e-02
4.417773542224678884e-02 8.246196403516159457e-02 -4.040532403211216206e+00 -2.956639665951668258e-02 -1.746574638529884704e-01 7.269441465185848272e-02
6.022534284925318282e-02 9.630127994154985549e-02 -4.062264310343650209e+00 -9.170857947190284853e-02 -1.956674894239281981e-01 2.461556022313951819e-01
6.814377321058229242e-02 1.019086436484294422e-01 -4.078342821944843877e+00 -1.101995249283796996e-01 -2.012646476332087542e-01 2.601515741303307427e-01
6.051324834782145778e-02 9.087439599353422381e-02 -4.068165455620842863e+00 -1.151684477327687139e-01 -1.927738621967015065e-01 2.216617145198329919e-01
6.208096975602162004e-02 1.003668050127777545e-01 -4.067747763097628422e+00 -1.083967463408370691e-01 -1.795218207788762677e-01 5.721107022814641424e-02
5.996041034733812225e-02 1.055062234525967479e-01 -4.065481711950226895e+00 -1.741438544070975005e-03 -1.586547923380648151e-01 -1.565420747253499709e-02
6.397102972573076585e-02 1.205521620182306575e-01 -4.069028195345040899e+00 1.182440958941952391e-01 -1.431731471882816131e-01 -1.329949740647385081e-01
5.457005453738883460e-02 1.072105765493111540e-01 -4.062494108293321915e+00 1.372071108179209187e-01 -1.093176700495859105e-01 -1.418715788497028896e-01
4.928481168352272235e-02 1.045170236430730260e-01 -4.059443511878839672e+00 1.140845102363872710e-01 -6.404569568256660017e-02 -2.308628753537745604e-01
4.498594949096812456e-02 1.069100878001815191e-01 -4.053744379581587509e+00 5.657434665973209292e-02 2.338904601224192550e-03 -2.713786630543062461e-01
4.813025344426558050e-02 1.145703825586624758e-01 -4.058204596015457355e+00 3.143650190562052166e-02 5.144001620547927756e-02 -3.008462861811057598e-01
4.593178596441971351e-02 1.138743509941930743e-01 -4.050239087658070503e+00 4.506494543987235243e-03 1.217678604287303762e-01 -2.730522191807947530e-01
4.241209983136062789e-02 1.112280181061904294e-01 -4.050293742938691821e+00 3.219774806974902426e-02 1.647670104980922534e-01 -2.490042673106397375e-01
3.701884203563676756e-02 1.038590022403286239e-01 -4.047357167609987982e+00 7.107926435022096645e-02 1.923623286491709383e-01 -2.518085479647607650e-01
3.674728694180240396e-02 1.086962968825524456e-01 -4.051644104911673594e+00 7.045340370332127400e-02 1.948660025736426993e-01 -2.034430239587741995e-01
3.461999846371388578e-02 1.052838729470042534e-01 -4.049223017388698054e+00 -1.384546373089340539e-02 2.049766898892556033e-01 -1.470439710884282880e-01
3.506487105128774928e-02 1.019149432350224815e-01 -4.046786071515157346e+00 -6.023973072512833760e-02 2.060419710827066098e-01 -7.936134929861470011e-02
3.214387088789116831e-02 8.913141484588210650e-02 -4.044600845965732105e+00 -1.567680337539515967e-01 1.879710994219685183e-01 -1.308445606308898945e-01
2.751881053945415267e-02 8.770960959228574216e-02 -4.038756941997007743e+00 -2.128622303774717339e-01 1.807962210034955164e-01 -4.330539371285197503e-01
2.259625278196619735e-02 1.097972450521862431e-01 -4.043485775479581434e+00 -2.279076103544517076e-02 1.867851103099715249e-01 -7.998206690780579331e-01
1.217001520639393597e-02 1.124840347167402888e-01 -4.044720270301951359e+00 1.328790985988867746e-01 2.150011801080721485e-01 -1.143431369393615782e+00
1.046220773323769393e-02 1.003460238900337198e-01 -4.046795288620813835e+00 7.730871550303657080e-02 2.180880609428840211e-01 -1.017407006221900279e+00
1.698924247214073091e-02 7.464520907192040422e-02 -4.038042960668406067e+00 -3.128966494493841122e-01 1.432689915425199856e-01 -6.336995653303792997e-01
3.741333291465054334e-02 7.693009944139173051e-02 -4.034568517390738407e+00 -4.692350553106741651e-01 1.428826144429388295e-02 7.555643191557026225e-03
4.129069250474037833e-02 7.775258746673918697e-02 -4.036440772074655570e+00 -3.318221947452313914e-01 -9.884197160498003898e-02 2.131007852178231077e-01
3.364639621531251290e-02 9.310056473837953483e-02 -4.041177240468869059e+00 7.731538759927381044e-02 -1.297353995201832033e-01 6.156418152984676623e-02
1.178187639073391413e-02 9.529744903627584973e-02 -4.045341711767690640e+00 3.657695633218750464e-01 -1.129995300465473640e-01 -4.540010939736283668e-01
-5.225407065602150070e-03 9.163604643268730143e-02 -4.047349811408111009e+00 4.070040613460600976e-01 -6.996869274601280608e-02 -7.066005758119667801e-01
-1.273971613927549207e-02 8.607515303727697464e-02 -4.045465298811166122e+00 2.484157495022689399e-01 -2.877403297522174164e-02 -6.533380795685077569e-01
-7.164860907106218590e-03 8.810078093231976659e-02 -4.045831664562854257e+00 8.310094734862591426e-02 -4.489906865866221536e-02 -2.520430441363757934e-01
7.071173522908980047e-03 8.710301789557506336e-02 -4.046618844999301245e+00 1.999289264891684209e-02 -1.138392786839535625e-01 2.116972891355032860e-01
1.233839319570240178e-02 8.172476231448611017e-02 -4.050791881474708589e+00 -1.404656807621280090e-01 -1.662701820065685676e-01 5.111057700294755479e-01
1.307132011675582461e-02 7.634412258195670542e-02 -4.051665266247795216e+00 -2.102846593173689493e-01 -1.608304369713842719e-01 5.846158030298634900e-01
7.089724328187108071e-03 8.303343765013732058e-02 -4.060106037189484596e+00 -1.117176102086750444e-01 -1.171874785997647772e-01 4.740291272138417167e-01
2.516927282764314100e-03 8.212814784409683266e-02 -4.070448214833419343e+00 1.615702234813325491e-02 -5.359264936711424787e-02 3.717623013526761278e-01
1.242057840522559076e-03 7.345787183006574628e-02 -4.079629510870688591e+00 -7.246483320311503107e-02 1.982738066909348756e-02 3.188906799813424064e-01
4.200402063861963242e-03 6.430123441277713070e-02 -4.081103716885650101e+00 -3.156215074710285728e-01 7.635934449847968375e-02 4.028755748118585944e-01
-1.438597096195382008e-02 5.119804842659703148e-02 -4.084546338728245019e+00 -3.795533942405321381e-01 7.521640075205368592e-02 5.895117514529664149e-01
-2.932388207726366325e-02 5.807096784120868715e-02 -4.093116212498159712e+00 -1.936684677127250565e-01 2.629568760496266491e-02 7.434578902239552534e-01
-3.393211287018194078e-02 6.608225354352781356e-02 -4.109716336965561823e+00 1.143730238136775185e-01 -3.803156607009701429e-02 7.348566389934683141e-01
-2.454252226674058512e-02 7.778347147975056552e-02 -4.124721360228647882e+00 3.027488144271472392e-01 -5.774459893971409241e-02 4.750054630467014372e-01
-2.289718432790510683e-02 6.075018748329025220e-02 -4.132505599975985433e+00 3.323716649531576195e-01 5.594822231693086755e-03 4.806646768834332839e-02
-3.874068892790027974e-02 4.368065465955411897e-02 -4.131735194940006295e+00 1.824050186420111408e-01 1.335352328310946690e-01 -2.891409863975856753e-01
-3.608788541487939483e-02 2.277124269345981444e-02 -4.133555453469483609e+00 -1.663244999438284188e-01 2.596921897377089117e-01 -3.354191844468686901e-01
-2.861183968462144289e-02 1.962717079184117530e-02 -4.136455483395792498e+00 -5.011458805500526026e-01 3.021599720292270086e-01 -1.124380433112258521e-01
-6.983467132822329670e-03 3.256521145169055664e-02 -4.149485335391574381e+00 -5.452688755475880722e-01 2.419800103815412662e-01 3.084236074822024887e-01
4.673476280641741809e-03 4.639994751871601153e-02 -4.162288068382309802e+00 -2.305651827224325379e-01 1.289491344848035514e-01 5.671611517050342277e-01
5.842763283356477988e-03 6.125173855627041863e-02 -4.178231318885963219e+00 2.032192733432346965e-01 2.411638070984432891e-02 6.050697191533624952e-01
-2.962643074376991592e-03 7.114703809796013578e-02 -4.189093517548798218e+00 3.804331465697111114e-01 -3.352403577343785607e-02 3.762537031936837306e-01
-6.992476318411655622e-03 7.769795722134813232e-02 -4.196438559133440549e+00 3.474563433058214801e-01 -4.398109391906996485e-02 1.063518692960867956e-01
-4.521992871433733185e-03 8.581839709989014242e-02 -4.205372951297249529e+00 2.161657769544721441e-01 -2.441469233466993238e-02 -7.730950454218518675e-02
-2.961180798640050682e-03 8.942375494744586595e-02 -4.213932474324366240e+00 1.164798320804535103e-01 -9.581325452048530735e-05 -2.707448023017245409e-01
-3.580930082952016313e-03 9.064560053689804664e-02 -4.220934296989554468e+00 7.044156200806789281e-02 -1.725363685119067278e-02 -3.866345705330637705e-01
-2.759251065258205848e-03 9.980023986878699960e-02 -4.234738198001082310e+00 8.090544436035915221e-02 -3.954507556561589338e-02 -4.727818074277241878e-01
6.980570872017199946e-05 1.090518583524057172e-01 -4.246045232900058863e+00 1.593803219412283367e-01 -6.347396061741919504e-02 -5.579794588839306346e-01
4.777138870986963326e-03 1.187512840862674501e-01 -4.259199950867071038e+00 1.607878424680091456e-01 -5.527708840362926396e-02 -6.022289691270624745e-01
1.256998902717731958e-02 1.025245482171118216e-01 -4.261447947476483478e+00 -1.365079531624372178e-01 -4.879550206058649864e-02 -3.240364760083229712e-01
3.245744604264688693e-02 1.003120013461056281e-01 -4.265636385341679215e+00 -5.623212487349826816e-01 -4.829133759804817017e-02 2.835377240167443746e-01
5.273062974693143445e-02 1.019754605287153115e-01 -4.277008445423149396e+00 -5.948181596905992574e-01 -9.957553977283024882e-02 1.015890221885256794e+00
6.982828917391370460e-02 1.262910937563506142e-01 -4.293711566459677442e+00 -1.121712871266094258e-01 -1.747581838423270806e-01 1.383323772698171972e+00
6.147782087283037988e-02 1.092795952798044368e-01 -4.308010658946614058e+00 3.477936850331623808e-01 -1.954947026668823473e-01 1.093957628912705760e+00
3.878536731419424122e-02 8.874496911056567461e-02 -4.312960163891432330e+00 3.765572939451932166e-01 -9.499823192643719327e-02 4.422354019834059957e-01
1.353888157107019374e-02 7.274513663965709309e-02 -4.323487173615944812e+00 1.377412694890577938e-01 5.415036681459620832e-02 -2.088599274621635582e-01
4.018972516945495954e-03 6.981233685849359827e-02 -4.335420748725425710e+00 -4.693447732472683098e-03 1.618285887549467950e-01 -4.360005894571921115e-01
6.294857131468156730e-03 6.573338914524559651e-02 -4.352869386075923330e+00 -5.246078555345543015e-02 1.604425475691298730e-01 -2.986880602031013465e-01
1.497036628070924635e-02 7.639806411732946723e-02 -4.366645734089217967e+00 -4.714586752797424868e-02 9.989714468416116544e-02 -3.857984289471875355e-02
2.124557911601243632e-02 9.136869897966781728e-02 -4.377352501667161278e+00 1.345536939322996249e-02 4.256586507828243049e-02 1.754285793584367259e-01
2.367591943663527321e-02 1.036130537001673790e-01 -4.390962585548265906e+00 5.607262522430917634e-02 2.671357131047830125e-02 1.209417204571862220e-01
1.695507412984265105e-02 9.471833154479541994e-02 -4.401618046255777017e+00 -3.217886963189543759e-02 4.315551700778937766e-02 1.387617104622175523e-02
9.379177169861030450e-03 8.847761029794221077e-02 -4.416332954298525237e+00 -9.381376138926957042e-02 4.702390746266461863e-02 -1.009520712998614733e-01
7.667674942967939167e-03 8.421705543911234271e-02 -4.427798974250208630e+00 -6.636395470465639157e-02 5.938437523849929983e-02 -4.700429867053887434e-02
1.266710547392913000e-02 8.198953457603613826e-02 -4.432941547919085679e+00 -1.736796726758997600e-02 5.649124311115259062e-02 -2.100663811830904767e-02
1.752378288906264459e-02 8.719025436880828428e-02 -4.443974780036597849e+00 -2.737188066491470784e-02 5.675165687597948788e-02 2.489051577895700848e-02
1.572202958335605638e-02 8.544548790778461189e-02 -4.447671707759553783e+00 -4.375199494796933042e-02 5.079417049679517404e-02 6.769489085748715829e-02
9.494109798936112288e-03 8.028852889645310409e-02 -4.459903324448816875e+00 -3.560928547786616077e-02 5.075904703987979549e-02 4.535059750121485378e-02
5.678838510375150417e-03 7.384737685995035328e-02 -4.463980399105480501e+00 -1.357149209120664737e-02 5.458054843299883774e-02 7.130063366510061562e-02
6.878016492737892840e-04 7.693708774268348538e-02 -4.470974462579476949e+00 -9.059659676661864849e-03 4.079223588453170790e-02 -4.575592333667882067e-02
-2.075397111758747748e-04 7.221051548809098719e-02 -4.472416733925655308e+00 -2.219648825885677315e-02 1.473629331644246872e-02 -9.716645611865144805e-02
-3.037933780561719033e-03 7.114808643591852277e-02 -4.476484615991012106e+00 -8.499625161093420089e-03 -9.913974000545109841e-03 -1.908486871837653809e-01
-3.805976770161478839e-03 6.937103989252835223e-02 -4.482022289442369356e+00 2.669213927806489764e-02 -2.715601430812021946e-02 -2.278408535570677629e-01
-4.590477813351034886e-03 7.299844615946016191e-02 -4.486793961485005866e+00 8.805369667877241402e-02 -2.009440053227130873e-02 -1.650345130889300793e-01
-4.811388578861985899e-04 8.104236738712805588e-02 -4.493717128027725494e+00 5.880640543190941011e-02 -5.867093199303721404e-03 -7.859707660345899294e-02
4.398889030042429926e-03 8.343924079672981886e-02 -4.502733581372865501e+00 -5.493720608095853386e-02 -7.360967919712770730e-03 5.203796608361529324e-02
1.032952530539543723e-02 9.149724252200452934e-02 -4.512268165558054989e+00 -3.429838294389293829e-02 -3.818537102828008234e-02 1.340776560000676021e-01
1.208988496757334996e-02 1.018142999378138513e-01 -4.521227195586163816e+00 1.138765303386571198e-01 -7.972922259710768511e-02 1.305391638027890711e-01
1.171374742528019652e-02 9.936793291779416615e-02 -4.526489781694579051e+00 2.068289099638143669e-01 -9.612806875241267091e-02 7.554953285823015618e-02
1.060294009417073191e-02 9.108049384761007783e-02 -4.537443580039280278e+00 7.006992231751818512e-02 -9.328643919637390203e-02 1.700048826637365687e-02
9.503287436156249157e-03 8.329600135343973033e-02 -4.541864293646341366e+00 -1.471607516255480363e-01 -8.875969047385605382e-02 -3.077822548156305526e-03
9.117026796023441904e-03 8.267728208612762364e-02 -4.552024510656650591e+00 -1.433052657470174629e-01 -7.703793264295448473e-02 7.132782151536962156e-02
4.783607494907471391e-03 8.220339450615196664e-02 -4.560456906664285270e+00 1.884283791602129167e-03 -5.287560065234935686e-02 2.897277216679765288e-02
1.886323752859242475e-03 8.124870299982620003e-02 -4.566201596913259664e+00 1.223349364499807940e-01 -3.211927002038829880e-03 3.559739469787403382e-02
8.938444938337841705e-04 8.454803408596239800e-02 -4.573273660421307341e+00 1.150903491005327572e-01 2.749224083804501298e-02 -4.691402071596300835e-03
3.006596395986660397e-03 8.191281132683086996e-02 -4.576361850719109725e+00 6.655290175601034919e-02 2.847496702308649139e-02 1.074114638964671076e-01
4.591529702330898743e-03 8.031756776098675221e-02 -4.588757507799016366e+00 2.593917540042538564e-02 -1.032048587145168676e-03 1.589664163039037903e-01
3.239813384154910381e-03 7.427051483813151833e-02 -4.592062580021746498e+00 8.439238393639221861e-03 -7.599536922869270204e-03 1.746301297249019113e-01
1.677356198461099623e-03 7.798549369626001093e-02 -4.598841508631295483e+00 2.141580871058747573e-02 -5.804262020844178083e-03 1.431774616508458891e-04
-3.588277403498985052e-05 8.433574178540709232e-02 -4.604069076282485184e+00 7.151970024288234473e-02 1.194175314506504618e-02 -1.418039412129315502e-01
-2.823464680680398686e-03 9.236414107586887745e-02 -4.611580250157743421e+00 1.286729004202948334e-01 2.650747845300949635e-03 -3.379978217553542552e-01
-5.634119179628749308e-03 8.690762646382987899e-02 -4.612057467452245874e+00 6.560265354285384209e-02 2.097927657927443554e-02 -3.358299853123134504e-01
-7.898608832229148113e-03 7.807083561469121968e-02 -4.611878243605644911e+00 -6.730725611531591934e-02 3.050841116476285531e-02 -3.204353425973520131e-01
-2.213493008676126195e-03 8.959286432814739243e-02 -4.610816777578634174e+00 -2.188336119750636938e-02 1.478947781109277290e-03 -2.702651407848467580e-01
5.626282539451743503e-03 1.090975034350121220e-01 -4.621518215394871731e+00 1.677270285570655883e-01 -4.168614405243669524e-02 -2.423229584748060605e-01
7.931058884372843565e-03 1.203432930653816069e-01 -4.624555708937180043e+00 1.911900492020736364e-01 -6.548294146312208519e-02 -2.835229458951327719e-01
9.722634640002336681e-03 1.203445470059436584e-01 -4.626113951461036322e+00 -6.193534942794406235e-04 -4.971375369976806236e-02 -2.203749296923814271e-01
1.225547088045741972e-02 1.288989766212261801e-01 -4.619596780610208953e+00 -1.502577181788976035e-01 -6.113846542298329717e-02 -1.045239886843544325e-01
2.015453691635671341e-02 1.310092760967670467e-01 -4.620013696580087981e+00 -7.117740544952697035e-02 -1.156730298301427984e-01 9.147331959621075870e-02
2.627577410171166861e-02 1.364517671442657676e-01 -4.626817673167863632e+00 -7.398553341624272695e-03 -1.541464179732708606e-01 2.373953668126191907e-01
2.858124290298569292e-02 1.321155687936291789e-01 -4.629725825745993006e+00 -7.713195948066655511e-03 -1.723440356992176625e-01 2.500597286408395847e-01
3.334725073771904746e-02 1.421569853452875343e-01 -4.634617372838249594e+00 -5.005190119378752356e-02 -1.555226100038069326e-01 2.089034543482056749e-01
3.348045510936792368e-02 1.386440355949227210e-01 -4.630006697493399770e+00 -6.045582009180661132e-02 -1.485174471519383477e-01 1.318826289949622810e-01
3.552537205913219864e-02 1.504852777561228039e-01 -4.637647630049400505e+00 -8.149055357909949782e-02 -1.453949299368049730e-01 3.251731335482778429e-02
2.802130230169508351e-02 1.369005258794047108e-01 -4.642129603551438777e+00 -5.121179790345809640e-02 -1.481486184241110893e-01 -4.459947188639804688e-02
2.370823023130652629e-02 1.380765690583412031e-01 -4.654326531084961971e+00 5.886917974053326036e-02 -1.426507627994190730e-01 -1.169710528746272238e-01
1.401846141326856809e-02 1.202889497564022525e-01 -4.655249498826663057e+00 1.093218519537429295e-01 -1.102588194026248997e-01 -1.670235921157798564e-01
1.049564077000519902e-02 1.073241923018426469e-01 -4.649765760376567414e+00 -3.519295361606883388e-02 -6.614261159083964503e-02 -1.718150638126997032e-01
7.630071529847626266e-03 9.603976060205798859e-02 -4.650545417008629556e+00 -2.576845616293752528e-01 -3.303134607354438115e-03 -1.739746287464102592e-01
7.207273898456989514e-03 1.018787759611489152e-01 -4.653559311450408131e+00 -2.993391370795397965e-01 6.503373214520338785e-02 -7.473959033921179218e-02
6.838879203529657502e-03 1.044283752820042155e-01 -4.665264782514270792e+00 -1.253462626035899974e-01 1.093057859208128452e-01 -1.279077163111953241e-01
4.859639178956154382e-03 9.732085933311662718e-02 -4.669697264483033905e+00 -1.331545149124083345e-02 1.470373114514234580e-01 -6.834453888176166003e-02
5.495028040166882732e-03 9.482727472910401634e-02 -4.678394608188227721e+00 -1.157286900332055342e-02 1.308487996375652662e-01 -7.122234488454838586e-02
7.321270867510332181e-03 1.014096514549953643e-01 -4.690718200435128438e+00 -2.121976869164004728e-02 1.309838041342619164e-01 2.328561281047794237e-02
8.178567665167779666e-03 1.089328967551917993e-01 -4.703370061219004583e+00 3.154884058150699694e-02 1.214862761662387769e-01 -7.616809852206532332e-03
2.316337755875697013e-03 1.054472594532740448e-01 -4.718787791365457451e+00 9.174415127047985674e-02 1.485892846238221210e-01 -5.969289755228396332e-02
-2.207398649995973017e-04 1.057262769246449519e-01 -4.736019716512544164e+00 1.522277156276714005e-01 1.398613958257186041e-01 2.919476555618732982e-02
3.749869452254861457e-03 1.003336306373052156e-01 -4.748760240403100852e+00 1.672531111778370327e-01 5.479241153362419264e-02 8.493185834264477263e-02
1.198414145151494026e-02 1.032570222203596233e-01 -4.762779063183245398e+00 9.192680146830496668e-02 -6.013858483943958916e-02 1.544647610782876324e-01
9.684563443324023524e-03 9.954075559555893016e-02 -4.772851343589707085e+00 -2.338602834640481770e-02 -1.137423818288896826e-01 -1.052406507981571392e-02
3.707124840013786837e-03 9.862586512947602024e-02 -4.787689376367552541e+00 -1.060212148834509954e-01 -8.756059870885098129e-02 -1.397124335346895674e-01
2.473320664866829333e-03 8.873127593392005075e-02 -4.798989931281937515e+00 -1.863677507519165555e-01 -4.935155757097837298e-02 -2.676800154314979419e-01
9.820673214923747452e-03 9.820526190821010637e-02 -4.809872632855160646e+00 -2.171794404362260844e-01 -2.747809235953926899e-02 -2.091712911357777871e-01
9.691551953311172696e-03 1.000386850783900883e-01 -4.825041619903629453e+00 -2.193830087000266660e-01 1.045116803117820126e-01 -7.976032906379883214e-02
1.296475929607265876e-02 1.113202240758088823e-01 -4.833400630219102823e+00 -8.418966757169783766e-02 2.447592158401454832e-01 6.855948485917916224e-02
2.529157795620551319e-02 1.256249666772742968e-01 -4.849384359510224840e+00 1.532129076021199465e-01 2.673790568893105180e-01 1.847769388925470935e-01
3.267068379801374434e-02 1.382503506631390655e-01 -4.861822200682297535e+00 3.931888802470743238e-01 1.160843694853716801e-01 8.419594973094396417e-02
3.124344390330158205e-02 1.394039951496083285e-01 -4.879115780775180156e+00 4.174705785297985750e-01 -1.859704745385303004e-02 -2.983382228924698690e-02
1.998177503094433760e-02 1.247161924398084709e-01 -4.884052265789648573e+00 1.615642091503169120e-01 -5.705418397400269931e-02 -2.121842072421033787e-01
1.841918665904263008e-02 1.247257983885527999e-01 -4.886755670134164120e+00 -2.468760084136530433e-02 -4.738429184627190871e-02 -1.862784603375367276e-01
1.561813373811915540e-02 1.216231955516737795e-01 -4.889527814283837870e+00 -4.915149030847406481e-02 -4.671831465590427918e-02 -1.190863633912314784e-01
1.878995501580593697e-02 1.265566379579841083e-01 -4.886928881031224137e+00 1.435645892861961946e-02 -5.892602447490268708e-02 -4.473307962207531685e-02
2.047555656060096041e-02 1.239477801229619813e-01 -4.885697064418309310e+00 -2.247729859848544842e-02 -6.693859504825833140e-02 8.205037204285513253e-02
2.434787430249718554e-02 1.284119171702924611e-01 -4.883566341112839382e+00 -9.014555310861568915e-02 -9.371711320103166820e-02 1.200431662481636630e-01
2.157158720288832043e-02 1.319196548770121824e-01 -4.884168017919478189e+00 2.430163485308452567e-02 -1.146697179801823840e-01 6.369668115327810354e-02
1.412794523363780641e-02 1.352622657908260084e-01 -4.882182302816488573e+00 1.229729885266601513e-01 -9.478311844656178708e-02 -7.010901343665271179e-02
4.733881677708939861e-03 1.135684163347834286e-01 -4.871663330622709509e+00 8.305903624042561273e-02 -3.867558108974153419e-02 -1.857160006301485922e-01
8.069242436849588529e-03 1.186780677160489406e-01 -4.864918128860551860e+00 -1.392933352940132173e-02 9.329158980746777782e-03 -7.557655694455857331e-02
1.361423743821132959e-02 1.126458021865288095e-01 -4.851531718919943614e+00 -1.555454991114977314e-01 2.345128412532651238e-02 1.123450584412074016e-01
1.522807305486661988e-02 1.033900114334771470e-01 -4.840689164369052833e+00 -3.190780237390232199e-01 4.916780819193053431e-02 2.509728905584458492e-01
1.253721999220269723e-02 1.072762943541594183e-01 -4.832068159565380938e+00 -2.600721464633234947e-01 9.935577236464963879e-02 2.956947794790372730e-01
9.457596014393221395e-03 1.257567150961281799e-01 -4.826173993631243775e+00 1.412137640688903607e-02 1.415878056230719106e-01 1.907120446386448287e-01
5.798285903037436739e-03 1.301201481811340432e-01 -4.835990784730370251e+00 4.475569780917521001e-01 1.594690700387778604e-01 1.912878307355785068e-01
1.412434645540971978e-03 1.114957572474049030e-01 -4.831389115409706392e+00 3.106743308708866391e-01 1.795164550263756431e-01 1.277638511864094828e-01
-6.074760388123295884e-03 8.629583103101962083e-02 -4.823716270146974239e+00 -2.540525980550387489e-03 2.344993122974117772e-01 5.835660007227212037e-02
-1.244646893599687942e-02 8.826639850275941335e-02 -4.808973853478107685e+00 -9.920675279864860086e-02 2.823662535980123178e-01 -6.665199251145093040e-02
-1.205247146464238917e-02 9.581996174503326635e-02 -4.801982651377954880e+00 2.230239754555835355e-02 2.704169721356564082e-01 -1.873405106143438970e-01
-7.938551572882923679e-03 9.643857047036075159e-02 -4.800472101200057296e+00 8.450850774336923776e-02 1.908067926906298617e-01 -1.660985522191975039e-01
2.786727859293236520e-03 1.030186605312786163e-01 -4.792275709246666793e+00 -5.677895926615425526e-02 9.454554160937178597e-02 -1.470397782448821800e-01
1.034533203842635807e-02 1.055547180724251133e-01 -4.791191442317312976e+00 -1.030753357754769228e-01 3.865501746272650974e-02 -5.755628180581978670e-02
1.840652048133750718e-02 1.132785342150828267e-01 -4.784622287180809508e+00 -5.840768122335762008e-02 1.199305240173132586e-02 -6.998440203297719153e-02
1.793275183920672866e-02 1.135523680001552793e-01 -4.782986215720825385e+00 -4.131702884427380928e-02 1.308274537208333052e-03 -6.920366045120129872e-02
1.883780762266340503e-02 1.167858126088897330e-01 -4.775466299529398384e+00 -8.249942244345478959e-02 7.428242010717747701e-03 -7.599417528238842923e-02
1.875524178742016268e-02 1.177298306339247536e-01 -4.774621316440914143e+00 -5.201549143248680035e-02 4.964827307918973955e-03 -7.615307493008280360e-02
2.159946364209108793e-02 1.111687362574761695e-01 -4.773043323318290732e+00 -7.495630615857425127e-02 -9.747476008758309543e-04 -1.425194452053626937e-02
2.039664991825551610e-02 1.041820335070618997e-01 -4.767467486742646088e+00 -1.072664224786628734e-01 -1.195238600241274075e-02 -9.073981084541186959e-02
1.911242609448970953e-02 1.129722970535836923e-01 -4.774299667198476982e+00 -4.284921731960348451e-02 -1.474412684263833040e-02 -1.401098443091789991e-01
1.883831346573727750e-02 1.209081950883051371e-01 -4.780066222314758306e+00 8.067433479721705658e-02 -3.541771831583582358e-03 -2.604391203629701224e-01
2.068705373611712250e-02 1.139450136556397070e-01 -4.792154855329101792e+00 1.107927624981207143e-01 -2.854503411035093970e-03 -2.048204012234534632e-01
3.158546805767681320e-02 1.123837720478266800e-01 -4.800072700023065408e+00 -2.423111354815932900e-02 -1.688665941982420496e-02 -6.302152869247204525e-02
3.742250806512303907e-02 1.155446946132972219e-01 -4.791522440752487455e+00 -1.848969522683717448e-02 -5.188092678950580183e-02 1.475188545293011355e-01
4.817944667566492756e-02 1.262766123223812431e-01 -4.834274995381690587e+00 3.843521618886233671e-02 -7.823308221387967332e-02 2.554131899712511200e-01
4.567134393400906767e-02 1.216693268598565414e-01 -4.838684929824580649e+00 7.424549023311098617e-02 -7.813658357894952278e-02 2.145416874177306088e-01
4.400527849033261663e-02 1.191556452350303053e-01 -4.805866327240721603e+00 -4.327906285519372148e-02 -6.316748721260130595e-02 8.927144336241807365e-02
3.583172545467863679e-02 1.086856326050092414e-01 -4.771971379367187183e+00 -7.430832671189246952e-02 -5.043273065662793458e-02 2.204186053799859699e-02
2.984801953503823935e-02 1.055925694140928128e-01 -4.767662971335425937e+00 -6.299622675839977592e-02 -4.219940801141854742e-02 2.087686490828218056e-02
2.495594860813565852e-02 1.020656369612040482e-01 -4.826037482578726667e+00 -1.050659757634157289e-02 -4.686573251457747114e-02 9.724402856441723142e-02
2.524179493325032220e-02 1.078323219610710926e-01 -4.832853141452233103e+00 4.492860542720223532e-02 -4.961483383240413575e-02 1.619938990880633867e-01
2.689625972562265099e-02 1.068261412305227809e-01 -4.847911729332565756e+00 1.276256189083134658e-02 -5.191217159707562506e-02 2.062086961048528455e-01
2.803145116110195012e-02 1.066517029489811308e-01 -4.844168250030293166e+00 -2.755546732220965148e-02 -4.933664751677329513e-02 1.896946553019508985e-01
2.715268694295980278e-02 1.085243955773782520e-01 -4.847651328066604037e+00 -6.345159827760471494e-02 -4.935909086926661138e-02 1.584159089192911651e-01
2.538346687876202878e-02 1.108359933343191911e-01 -4.844846374800908961e+00 2.448267181700007622e-02 -4.873819681348449256e-02 1.636704885007596588e-01
2.349607649514318108e-02 1.105428839035337840e-01 -4.854564234455494898e+00 9.913609305421934581e-02 -5.575486876544354792e-02 1.786504842254522107e-01
2.144470441568313568e-02 1.010405018560008167e-01 -4.868036534145289806e+00 5.542364734516119079e-02 -5.917666169147828281e-02 1.738151589370757200e-01
1.722764539609422663e-02 1.023775399248741114e-01 -4.872127631097612266e+00 1.110064460575229534e-02 -5.907946923548625107e-02 1.037076932733324713e-01
