2.037580328832620628e-03 -6.302801140426689264e-02 3.941730000022106495e+00 -3.088001000836558541e-02 -4.181190179369426163e-02 1.956986684799895126e-01
2.253858799040296245e-03 -7.186025572758170110e-02 3.950281809608733319e+00 2.923270741580328777e-02 -2.494433336872556653e-02 1.565833458565435710e-01
5.794160304820005630e-03 -6.680182794313055394e-02 3.956219032354775678e+00 1.255858422721355984e-02 2.105938051249880115e-03 1.306300428493821220e-01
8.244067150334495608e-03 -5.571494760028866677e-02 3.967010560944778774e+00 -1.236211302187893851e-01 1.869414980711090260e-02 1.198953323225457612e-01
7.919110267918982177e-03 -5.123352475176845555e-02 3.977900087563607912e+00 -1.587124834881201985e-01 3.450844392092178390e-03 8.890250729402579544e-02
5.413759566419783231e-03 -5.486215683760180956e-02 3.987905094484369251e+00 -1.306496058919815600e-02 -1.967359840154734446e-02 4.046301559360125644e-02
5.586722980665970867e-04 -5.763673011883201774e-02 3.995344128730595301e+00 1.993551939773448300e-01 -3.151284751194294298e-02 -2.067491241891984965e-01
-2.814591021039432317e-03 -5.827373696376215301e-02 4.002937074262387540e+00 3.042830718143862412e-01 -9.232380953006789686e-04 -3.858790723503307540e-01
-6.387731401312003385e-03 -5.361489587089825204e-02 4.010763546538628432e+00 1.974789585166356332e-01 1.969953523430252942e-02 -4.927219547749257522e-01
-8.864068957385952754e-03 -5.113113351550150482e-02 4.026451749608169095e+00 4.912031031320490335e-03 3.288232036665587887e-02 -4.064722079388848885e-01
-5.093270241627596839e-03 -5.270470305259085386e-02 4.040240986859243932e+00 -2.004059015931601573e-01 3.669785573287742686e-02 -8.309745602960998123e-02
4.699431934189668772e-03 -5.140684757013569417e-02 4.054294498484606990e+00 -3.196811293007053578e-01 4.517094818359556480e-02 2.786290886226070462e-01
1.267942096733103152e-02 -4.854427350389808188e-02 4.056079244256098448e+00 -1.549488533071107510e-01 2.047580277291431369e-02 5.060970378383377044e-01
8.476784060049175062e-03 -6.385074448943869885e-02 4.058943732308279095e+00 1.330869024324751460e-01 -1.563197991001453319e-02 4.650092764889321439e-01
-2.352319341100534388e-03 -8.475654891277255298e-02 4.070753108137793674e+00 3.477037655289578755e-01 8.970464598434589251e-03 1.118938360599327220e-01
-1.252062672640937187e-02 -8.433864056507273110e-02 4.085252889054004299e+00 1.488889740024399166e-01 7.368443304006670747e-02 -2.165675018810228336e-01
-1.327624397685342808e-02 -7.329097745871351877e-02 4.107454450049544903e+00 -3.430517352612506565e-01 1.241335520914591678e-01 -3.767111700454538470e-01
-6.210297155801083879e-03 -5.638863793930840723e-02 4.114673053808125758e+00 -4.316618878150849659e-01 1.118308209672339570e-01 -1.040880076579857039e-01
4.205661501163839022e-03 -5.996775262653383787e-02 4.122675702341513926e+00 -2.665696375638636484e-01 4.188766105939020074e-02 3.137039660227282090e-01
7.122187378431912852e-03 -8.651228850786976676e-02 4.121052419728833627e+00 2.356198152949435520e-01 1.056597859088229206e-03 4.231733206978740558e-01
3.118024366572089145e-03 -9.454945252292529245e-02 4.129103984487617396e+00 3.692191282764891169e-01 -7.096466204775925659e-04 2.947506215388213668e-01
-3.700896821647856050e-03 -9.115403545943950858e-02 4.140268590059950071e+00 3.025098005763535158e-01 6.918020237941939488e-02 -1.409082329551865076e-01
-5.711974506113250138e-03 -8.476984228324385695e-02 4.147569572980579267e+00 2.762912529830968689e-01 9.032498770293070911e-02 -2.292698083366340178e-01
-8.232110370551021239e-03 -7.988984324905823442e-02 4.161063162545339367e+00 1.713313676137434294e-01 6.298100961068021919e-02 -2.949617477850990932e-01
-8.188901259402872612e-03 -8.380477707582015268e-02 4.172695974411261943e+00 1.569298915675268816e-02 1.349578930774706156e-02 -1.093211315506491949e-01
-8.282123266763100067e-03 -7.299132292930060606e-02 4.188368778099558654e+00 -1.971493742572220376e-01 -3.342376654287699395e-02 -9.962663578669789244e-02
-7.932398276388918923e-03 -6.411954689818144537e-02 4.191015297875502199e+00 -2.053831144133474174e-01 -3.122996819728619117e-02 -2.033087970254158494e-01
-7.055372475982965574e-03 -6.211887358839340845e-02 4.196589448497213937e+00 -6.284936213200406629e-02 -1.794831182841852973e-02 -3.445970091643562605e-01
-8.521770049450830276e-03 -7.056817464121283023e-02 4.205107781835160097e+00 -6.315345523033007516e-04 7.155691525410895829e-03 -4.237875746736709526e-01
-7.945212010550206649e-03 -6.870154789710444798e-02 4.217040952877702864e+00 -3.476629324378923552e-02 -7.113660442713151677e-03 -3.322328650515401494e-01
-5.943211527437042285e-03 -7.180616056049123064e-02 4.223881850222859669e+00 -2.139571710625196715e-02 -3.966199940510643784e-02 -1.266373403964740629e-01
-9.731967886796449863e-04 -6.809624414650208846e-02 4.230289179031046842e+00 4.391382681913088420e-02 -7.940777340403239182e-02 4.464200537832002658e-02
1.247266446603986778e-03 -6.786013743810555277e-02 4.238463810575581192e+00 1.757532193593890416e-02 -1.192507294787944760e-01 1.437964417513637461e-01
-2.412511927661037392e-03 -6.536849583519878382e-02 4.251437327489419715e+00 -5.501699080634853134e-02 -1.524424010220894465e-01 7.162259446896424020e-02
-6.031796730274742446e-03 -6.320947262164233749e-02 4.260957598284278447e+00 -1.054850741449778889e-01 -1.740984373649068218e-01 -1.262665211240333700e-02
-7.996971189629987348e-03 -6.527495446708521387e-02 4.271269206351362868e+00 -4.118515474438547153e-02 -1.860731420343585407e-01 -4.794168092638930595e-02
-6.801186368464884335e-03 -6.483062538000705644e-02 4.277481662865554313e+00 -6.526008854535915449e-02 -1.923262971330784721e-01 -4.976594159553165975e-02
-4.905487344475045752e-03 -6.573921641006313932e-02 4.282403786577489768e+00 -1.061285728229962450e-01 -1.773526609905836660e-01 6.649524334182660423e-02
-1.096818683174100029e-03 -6.323816515901495294e-02 4.288265295090042173e+00 -1.231829045182200599e-01 -1.466212702470691132e-01 1.516814773166953179e-01
3.730174619403919811e-03 -7.021647200758630858e-02 4.288226682435329451e+00 -2.517688943990930434e-02 -1.184860222838527571e-01 2.961385053515195320e-01
8.451093751495830642e-03 -7.059838784269534262e-02 4.288827880633149903e+00 4.997266636920304900e-03 -7.700723418441729473e-02 2.936023692552970910e-01
1.154977693455355725e-02 -6.982179119613246554e-02 4.286396541822469430e+00 -3.664426412218595164e-02 -1.557402489388831114e-02 2.776280427815815965e-01
1.386579815376637326e-02 -6.774484417172554895e-02 4.282290329102487192e+00 -9.767918489397425796e-02 4.240304308548229623e-02 2.056014946095333640e-01
1.316171053450909678e-02 -7.498464211623326325e-02 4.278129454278136734e+00 -4.757901166350193833e-02 7.137825405229467068e-02 2.391186553635784862e-01
1.316281209705438826e-02 -7.840343505047367434e-02 4.268433489615922838e+00 3.771809369024075459e-02 7.389975337228056607e-02 2.555057307223234098e-01
1.208474354675265205e-02 -8.245513273075655292e-02 4.261139010676529892e+00 1.065439735854795955e-01 8.877749468341010475e-02 1.923526196795657672e-01
1.007343371552316125e-02 -7.802944810766443418e-02 4.250868708607711710e+00 7.794935459553309354e-02 1.106911766826723514e-01 -1.797523583029287872e-02
9.650510357894770408e-05 -7.987364779294031658e-02 4.243883529309940172e+00 -4.747807705158624270e-02 1.112086736353563171e-01 -2.663547451604798000e-01
-7.227982524239007223e-03 -7.764286219439289760e-02 4.240482779253596846e+00 -1.556605059308192596e-01 1.182876454022156187e-01 -4.717775482701547785e-01
-1.456865957360850561e-02 -7.779015677124523354e-02 4.236551212472278394e+00 -1.839065215803204201e-01 1.148260852003577526e-01 -5.813172074112317178e-01
-1.409303488794179382e-02 -7.532167360055286309e-02 4.223721232601434394e+00 -8.523536854535912477e-02 1.254388861388611442e-01 -6.764362318855908773e-01
-1.409785356884592222e-02 -7.641971810345038474e-02 4.212144734298831850e+00 1.773777665573672557e-02 1.228420730642007658e-01 -6.422830148940029682e-01
-1.537178338013705375e-02 -8.226978308671872853e-02 4.204339943466209206e+00 6.490556699767156823e-02 1.199527648846833300e-01 -5.563360345425893971e-01
-1.207818886757438398e-02 -8.357265004369779371e-02 4.200556683636705202e+00 3.504271633407489428e-02 1.007857779576646212e-01 -3.144597112951509899e-01
-8.465478823146938003e-03 -8.422598333669950588e-02 4.192159280878371419e+00 -1.884313371172888522e-03 6.820633931311427534e-02 -6.794173871482464544e-02
-1.454411088867069157e-03 -7.762680303593599840e-02 4.180653004081008817e+00 3.748664957759450383e-02 2.429216808192238841e-02 1.221717959231117950e-01
-7.868521525974669917e-04 -7.901885663808033700e-02 4.169851953370013575e+00 5.241382236200358563e-02 -1.112615342151631118e-02 1.805556221613929258e-01
-2.775648930752716570e-03 -7.998708956487843302e-02 4.161924550449569438e+00 4.645278298135430833e-02 -3.331341625937489503e-02 1.071481871289424320e-01
-1.017369795803890753e-02 -7.884982120715122722e-02 4.157944075205435297e+00 2.181283750093363644e-02 -5.995878082203638659e-02 6.630505998454028216e-02
-1.781868186034579749e-02 -7.699864219741958671e-02 4.154397073459051626e+00 -5.757859768167516296e-03 -8.550876107870000742e-02 3.156799492322342245e-03
-3.170886762261401759e-02 -8.137415692019500657e-02 4.152617112825936374e+00 -3.069128727906737797e-02 -1.261770893656476433e-01 2.754553180249821528e-02
-3.444517020708715016e-02 -7.716152730232656021e-02 4.145157757060715653e+00 -1.209685767349272939e-01 -1.610678979119375409e-01 1.234555039263255244e-01
-3.714022489799773119e-02 -7.814343314639549121e-02 4.140455213499350862e+00 -1.413733930659004379e-01 -1.889138196748330889e-01 2.666746060266840246e-01
-3.182051013766913627e-02 -7.464634578208434457e-02 4.124828895030276499e+00 -1.103336416375731988e-01 -1.707908576900156183e-01 3.587564150629969362e-01
-3.538736948176166019e-02 -7.791444660058133298e-02 4.111903552960669117e+00 -1.102794608103711826e-02 -1.325299725044950527e-01 3.108088273893472864e-01
-3.399036117366802112e-02 -7.892909711794038330e-02 4.096768936379888260e+00 5.950857098657365285e-02 -7.896038741916645842e-02 2.581911201438032988e-01
-4.293351279289575606e-02 -8.261292484317683815e-02 4.085269654715546039e+00 9.079459613420037822e-02 -5.075070626689470038e-02 1.063125581018753013e-01
-4.549972771013710560e-02 -8.147067933271889828e-02 4.072373458372211985e+00 9.141203488180385528e-02 -1.668574225784073134e-02 4.379865640557141504e-02
-4.807172486908692366e-02 -8.161520758594631442e-02 4.061951833297484882e+00 1.001678812023734516e-01 1.328723898219498836e-02 -6.805901431892931452e-02
-4.563239520802508942e-02 -8.102859528093170338e-02 4.054285916965127967e+00 7.065893552358809560e-02 4.222262351244930600e-02 -1.217705937158828911e-01
-3.871598285241187321e-02 -7.544093300626303344e-02 4.046423054479717507e+00 -4.793219467082793228e-02 4.895195438215678430e-02 -1.598062317994779213e-01
-3.981572478794873082e-02 -7.347558335844117661e-02 4.039931820902779691e+00 -1.760496088958882210e-01 4.361758652442598166e-02 -1.926823577266701115e-01
-3.622021044047503413e-02 -7.202940094333837306e-02 4.030714620952323912e+00 -9.337343350482936455e-02 2.580529932165451235e-02 -7.084717722912309279e-02
-4.154907547370474685e-02 -8.108068534422219198e-02 4.024031997097040403e+00 1.370421330798522741e-01 1.768841351349186020e-02 -3.740982575078403288e-02
-3.137185645149744018e-02 -8.349832314338911932e-02 4.015081082248329380e+00 2.939920801948556761e-01 6.313587464259466653e-03 6.783322560315084571e-02
-3.313254549693638723e-02 -8.416200293308018221e-02 4.019160234937018572e+00 1.441239525004185951e-01 1.078256743502676446e-02 1.598952492837185657e-01
-3.144524258680882201e-02 -7.557169732849822186e-02 4.021853203274773136e+00 -1.284031027462015362e-01 4.043106420380705723e-02 2.887894236731547437e-01
-4.414780762168827449e-02 -7.913271921836206868e-02 4.023873312589188345e+00 -2.338108095998952807e-01 9.581796024140097623e-02 3.484722341899429421e-01
-4.656041530942392481e-02 -8.249642103972254503e-02 4.011270492122079645e+00 -7.607893107509573760e-02 1.282912765964134005e-01 2.768873330448620163e-01
-5.211238147207505889e-02 -9.185794089654231165e-02 3.998361304196919264e+00 1.824108555055810321e-01 1.318674415461580651e-01 3.209391351754493915e-02
-4.124344130008597564e-02 -8.885014359358189839e-02 3.983654857149417694e+00 3.462958657118352379e-01 1.424634401354000490e-01 -1.700611009746549607e-01
-3.123646223557419166e-02 -8.069916846311891989e-02 3.983244834746486163e+00 2.758385624475888642e-01 1.833228085982214484e-01 -3.946025784057691221e-01
-1.826246023405808661e-02 -6.648893800778440943e-02 3.987907898423102893e+00 1.314756576264080115e-02 2.254545275522762682e-01 -3.677285231577454017e-01
-1.418858451601479054e-02 -5.529134364921009515e-02 3.998826847788691907e+00 -2.527002488131159241e-01 2.223709229909318907e-01 -2.618493935938885353e-01
-9.312958967372719776e-03 -4.741211008421536421e-02 4.001231342864116414e+00 -3.053474771274045096e-01 1.860354056102759002e-01 -3.076116563983423424e-02
-1.384971617447239289e-02 -5.740217421849111434e-02 4.011403605344980861e+00 -1.376670200877401495e-01 1.634615494767562016e-01 2.258997987276216077e-02
-3.197137650098547113e-02 -8.448990952455737169e-02 4.040605313567525059e+00 2.934502759451131093e-02 1.746947900848981328e-01 -7.260466629852770082e-02
-4.677221339383863530e-02 -1.025407790274174280e-01 4.062288508617555749e+00 9.086806531839705658e-02 1.960592192588473948e-01 -2.458436779042522113e-01
-5.428630332437989203e-02 -1.094386545874001526e-01 4.078355512712590780e+00 1.092856988815681801e-01 2.017622938387158560e-01 -2.597657870824516269e-01
-4.718331122812791101e-02 -9.881305793315725561e-02 4.068156934128452917e+00 1.144228293445586214e-01 1.932173552665000515e-01 -2.212752247734207645e-01
-4.944203251296452883e-02 -1.079967313564844655e-01 4.067725597985983654e+00 1.082180569215261540e-01 1.796295896138492831e-01 -5.687178437218420868e-02
-4.867955610107221887e-02 -1.056460973760275646e-01 4.065628736496520901e+00 1.784770369628220369e-03 1.586543157626338629e-01 1.565908763178619489e-02
-5.352829916700807544e-02 -1.123065043895939696e-01 4.069414802504681461e+00 -1.179119860156265798e-01 1.434467955772651959e-01 1.326997946276007867e-01
-4.655730775858901715e-02 -9.762118259648733254e-02 4.062835659628461826e+00 -1.369363926100258533e-01 1.096565981935316986e-01 1.416097861638055677e-01
-4.432811566711336582e-02 -9.663548348186487558e-02 4.059695971374111423e+00 -1.138257225046568483e-01 6.450450006558888782e-02 2.307351001674800006e-01
-4.464469972182838475e-02 -1.031211239920306610e-01 4.053846388383391286e+00 -5.658477974284908257e-02 -2.071052520266540662e-03 2.713808110284708919e-01
-5.116991052399066930e-02 -1.125959174176970889e-01 4.058222560268376355e+00 -3.170604355912198802e-02 -5.127431368251285371e-02 3.008745509778910088e-01
-5.399214898360682469e-02 -1.137734551642679559e-01 4.050142716001403187e+00 -5.086462210165152570e-03 -1.217450127527817394e-01 2.730624042869833068e-01
-5.356998539293167383e-02 -1.091363202720784242e-01 4.050218520896549990e+00 -3.291328147665684156e-02 -1.646255718821758030e-01 2.490977983562327469e-01
-5.014358281893693814e-02 -9.900224255261036443e-02 4.047337662668354596e+00 -7.192395944466575819e-02 -1.920481166807622708e-01 2.520483087780520659e-01
-5.013392451808851291e-02 -1.038465646935229358e-01 4.051627693986148415e+00 -7.114493568956113678e-02 -1.946145874049486080e-01 2.036835304421935056e-01
-4.882841048517660987e-02 -1.063502833633497291e-01 4.049048477670424973e+00 1.331972065222953965e-02 -2.050115045070929898e-01 1.469953985578681677e-01
-4.946880243115869824e-02 -1.062157272098811500e-01 4.046525037139417691e+00 5.995481082666076489e-02 -2.061250579404202699e-01 7.914529509233095284e-02
-4.520260410323961864e-02 -1.002647571621780864e-01 4.044215032463540638e+00 1.563394311840746731e-01 -1.883277152892009199e-01 1.303307191736485515e-01
-3.959307687102131545e-02 -1.029109309142196560e-01 4.038298010854902031e+00 2.114914190834759899e-01 -1.823978583614629112e-01 4.323817838595385710e-01
-3.423717188941566292e-02 -1.117093648239265713e-01 4.043351767251095907e+00 2.018263431204665032e-02 -1.870849014267142452e-01 7.997506734677523044e-01
-2.509400262980099328e-02 -1.033285807505580078e-01 4.044905087307370195e+00 -1.371418324628152774e-01 -2.123075302416719823e-01 1.143934543067627096e+00
-2.407533355918944906e-02 -9.505835626584363540e-02 4.046865007446967866e+00 -8.116755859504336257e-02 -2.166815093311588170e-01 1.017707584622792538e+00
-2.625506454360448938e-02 -9.686782117225012367e-02 4.037521410730875004e+00 3.112947937653120500e-01 -1.467169461379510265e-01 6.329101216346277869e-01
-3.842908904478314902e-02 -1.099472957526288486e-01 4.033794348001038088e+00 4.692369566876100628e-01 -1.422593662673007561e-02 -7.672346534095876927e-03
-3.461958490818062284e-02 -1.009622603798167595e-01 4.035989468320678952e+00 3.314529811862786945e-01 1.000731381844372214e-01 -2.125253836130874263e-01
-2.460044441168718343e-02 -8.761377428875455342e-02 4.041364988462049723e+00 -7.745487785119514745e-02 1.296521787164590933e-01 -6.173926799161711526e-02
-3.052528178539404280e-03 -6.957401285511899403e-02 4.045881791545610895e+00 -3.648639240089112112e-01 1.158904588012689835e-01 4.532717703778348928e-01
1.129455867450468443e-02 -6.282665772617923583e-02 4.047887239102522017e+00 -4.061110271319329779e-01 7.497828934717959415e-02 7.060865912247232812e-01
1.575048591634720108e-02 -6.839272094039447469e-02 4.045792144388315137e+00 -2.480717096884814121e-01 3.160304605672283051e-02 6.532072825336632249e-01
1.072099986516872328e-02 -8.220329856041552752e-02 4.045948030260177575e+00 -8.290275356720407107e-02 4.526396047843105758e-02 2.519777489671730653e-01
6.432478862969936984e-04 -8.566498224474672352e-02 4.046655438112850334e+00 -2.041319863552326294e-02 1.137646534068012527e-01 -2.117373978156963377e-01
-1.317225504193664243e-03 -9.153714588781514117e-02 4.050600680576991408e+00 1.389782558192104445e-01 1.675154526883222972e-01 -5.106990129366206776e-01
-2.481827193169250378e-03 -9.106911939886541685e-02 4.051381298180729118e+00 2.086344178740875965e-01 1.629655023090477994e-01 -5.840243002992734356e-01
5.238739031725447859e-04 -9.088437043385844127e-02 4.059944090819072926e+00 1.107449893579020017e-01 1.181070552725096701e-01 -4.738008398349087824e-01
7.559484805934602036e-04 -8.096283940795251377e-02 4.070472258717160230e+00 -1.650424645108093669e-02 5.348673930385523106e-02 -3.717775587195559228e-01
-3.061723797282311921e-03 -7.860685947868843726e-02 4.079532445214255176e+00 7.257401356323393837e-02 -1.942394752945325945e-02 -3.189155087074247441e-01
-1.008841544894245601e-02 -8.673890103447956523e-02 4.080678131622875071e+00 3.161506335074742435e-01 -7.413816121908176071e-02 -4.032902490641779858e-01
8.499343447882390379e-03 -7.838623917071918523e-02 4.084131488561439483e+00 3.803071027430020012e-01 -7.130765029669158817e-02 -5.899972597772895622e-01
2.669073076863992533e-02 -7.227440702407211814e-02 4.092908347460763707e+00 1.939932092370236505e-01 -2.378167515046168343e-02 -7.435425308736426375e-01
3.580877051040531889e-02 -5.831211428585825196e-02 4.109818153212074776e+00 -1.148511719966964495e-01 3.656223939038988346e-02 -7.349312202868161226e-01
2.805206313392583084e-02 -5.619948518358697243e-02 4.125049666950445726e+00 -3.032170407152348646e-01 5.523321507328932817e-02 -4.753040580905733004e-01
2.244291012848420586e-02 -3.680803427700007902e-02 4.132790550786864969e+00 -3.323668856727487464e-01 -5.873416134372481251e-03 -4.803322693056696902e-02
2.933575377656238992e-02 -3.033725281888871583e-02 4.131932414521713781e+00 -1.830767102851792727e-01 -1.326128383469783456e-01 2.895652013206144182e-01
1.749442101210063605e-02 -3.455319870406010907e-02 4.133594257672740468e+00 1.648038643104416112e-01 -2.606598627614872821e-01 3.346677778409838933e-01
6.846679390344334593e-03 -5.573239900218818210e-02 4.136219683381852974e+00 5.005592644977729933e-01 -3.031307645226428704e-01 1.097937690771979835e-01
-1.070768301107904996e-02 -7.206970627215802949e-02 4.148978909256413772e+00 5.465676601060481810e-01 -2.390318796764610565e-01 -3.107139961611963819e-01
-1.449513082471576286e-02 -6.309198871545018683e-02 4.162045673664920287e+00 2.318302319275874768e-01 -1.266606434531034886e-01 -5.676765439466636698e-01
-8.246712184987681216e-03 -4.637427844578145830e-02 4.178419127579275028e+00 -2.029534085011596434e-01 -2.625984561605168577e-02 -6.049805057589756618e-01
4.945421563471885662e-03 -4.336291789129176344e-02 4.189471408365534444e+00 -3.806450658451845936e-01 3.102562491700020311e-02 -3.764679835835476052e-01
1.006792900750796971e-02 -5.227417808358492124e-02 4.196826350351045676e+00 -3.475374278073710688e-01 4.333559993379525188e-02 -1.066165269460599002e-01
6.428796244092205292e-03 -6.995364408401461009e-02 4.205664148375177547e+00 -2.161326756057253273e-01 2.470602069581864096e-02 7.721689479325687111e-02
3.390537213370403702e-03 -8.084619042723359406e-02 4.214105736091369181e+00 -1.164780692757033109e-01 6.459429388204916602e-04 2.707440374543094164e-01
5.462634432406299201e-03 -8.543257618774394158e-02 4.221040643738689369e+00 -7.032359968966782338e-02 1.772832788072924853e-02 3.866130836436118545e-01
6.503544104048630814e-03 -9.379729968728496570e-02 4.234871380949726927e+00 -8.057657408259404075e-02 4.021094263590631324e-02 4.727256323962962248e-01
5.693160573801314683e-03 -9.724168395949067678e-02 4.246328042528944025e+00 -1.587550528714003206e-01 6.502202540895946070e-02 5.578011175101478258e-01
5.776979527677417181e-04 -1.068480172976642439e-01 4.259518114540810529e+00 -1.601983279703037555e-01 5.696295643863655278e-02 6.020718346360206530e-01
-8.362870893415697005e-03 -1.127414946573854215e-01 4.261200080332883999e+00 1.367816470084069758e-01 4.802296100549350438e-02 3.241518947139957474e-01
-2.935975405101831637e-02 -1.419882802976115688e-01 4.264475140916147211e+00 5.620757694903265600e-01 5.106970497857583197e-02 -2.830505457255114710e-01
-4.710000809916459197e-02 -1.453991242176299048e-01 4.275817900737706623e+00 5.929613527431650821e-01 1.100949689082360711e-01 -1.014804221281646379e+00
-5.976527357520033945e-02 -1.329713744990466406e-01 4.293662082731231067e+00 1.079224034801707505e-01 1.774135723922912189e-01 -1.382985722956012076e+00
-4.886000473791229926e-02 -8.194656381485532215e-02 4.308778981941173924e+00 -3.514627222577275667e-01 1.888187957049063115e-01 -1.095129392029271509e+00
-3.232139010237999877e-02 -6.010990905009228058e-02 4.313507949072601377e+00 -3.772794291394295230e-01 9.208843140754442713e-02 -4.428504489467778860e-01
-1.735780908144568535e-02 -6.240525446258982090e-02 4.323635085091865449e+00 -1.379377159874952685e-01 -5.364799748238108928e-02 2.089895313013676315e-01
-1.572678855207643167e-02 -7.019584463152742093e-02 4.335387886489797893e+00 3.462505632650510808e-03 -1.618596038257770486e-01 4.359890855416184707e-01
-1.813517840429534900e-02 -6.974875917778847190e-02 4.352773560635654349e+00 5.162430382625456809e-02 -1.607136495527335396e-01 2.985422788412275263e-01
-2.252845704623696044e-02 -7.999934852389854745e-02 4.366548623003808416e+00 4.707870088091016536e-02 -9.992881510037682213e-02 3.849773156927661921e-02
-2.477542945515387451e-02 -9.027579390559543893e-02 4.377356363950468676e+00 -1.332504830505877765e-02 -4.260683780107676899e-02 -1.754186206735835196e-01
-2.594066469956746168e-02 -9.926779102077273875e-02 4.391050136893596800e+00 -5.601614913466231027e-02 -2.683179854990980565e-02 -1.209155483210751780e-01
-2.029164126470994756e-02 -9.718501177573968253e-02 4.401550375604841747e+00 3.218932080936841300e-02 -4.314772285873855195e-02 -1.390039743566057542e-02
-1.284609510499346019e-02 -9.572131035771952456e-02 4.416173448384483891e+00 9.373082767238465063e-02 -4.718898982800209807e-02 1.008750208876082188e-01
-1.218549136976199154e-02 -8.934922953808589752e-02 4.427688237978401276e+00 6.631527381125926213e-02 -5.943873133433721923e-02 4.693554313518601140e-02
-1.700553086707456973e-02 -8.333723619799515703e-02 4.432901473460248098e+00 1.734727541494945902e-02 -5.649759229355917622e-02 2.098953104316527221e-02
-2.196116857913876785e-02 -8.930455492325950484e-02 4.443912912007647265e+00 2.739653379999817950e-02 -5.673975530120481392e-02 -2.491762176491008063e-02
-1.976388943499396422e-02 -8.882141732126291878e-02 4.447589440383694637e+00 4.381196473642874623e-02 -5.074245430601186796e-02 -6.773366683010255407e-02
-1.350670092323269511e-02 -8.305139163727315310e-02 4.459842705810928010e+00 3.564944271409977578e-02 -5.073085720405841326e-02 -4.538214106619440497e-02
-1.002096043082434385e-02 -7.489709098049651681e-02 4.463955205283724581e+00 1.363937588192928353e-02 -5.456362324752781628e-02 -7.131358693968826989e-02
-3.807926973869724119e-03 -7.764420284647866044e-02 4.470960741004432748e+00 9.027098688383403124e-03 -4.079945315209816681e-02 4.574948375176065424e-02
-8.197711589329470527e-04 -7.394179493013230964e-02 4.472388478018501701e+00 2.217147771915464749e-02 -1.477389463116679513e-02 9.716074241949182455e-02
4.048967055066909904e-03 -7.180131830042835173e-02 4.476473479975311420e+00 8.532584685932369239e-03 9.885621913923474044e-03 1.908501724817612544e-01
6.204894988576792336e-03 -6.726840590884297644e-02 4.482051502542191201e+00 -2.658400141557384563e-02 2.726188530138603378e-02 2.278282276074359292e-01
6.373397413900305786e-03 -6.609291830155272773e-02 4.486898408009153627e+00 -8.799549536459805310e-02 2.034779124127301594e-02 1.650034558914402205e-01
1.052177765017758837e-03 -7.643173400296432440e-02 4.493797573207245932e+00 -5.879830880566825485e-02 5.947712438423465031e-03 7.859101317767713812e-02
-3.896444018675948584e-03 -8.775036809741004751e-02 4.502651998235762676e+00 5.493050381318663467e-02 7.410832007391899602e-03 -5.203088998368539386e-02
-7.537775388171574775e-03 -9.417258835321529187e-02 4.512218701487938688e+00 3.420898612979141745e-02 3.826547979952319573e-02 -1.340548179941813689e-01
-6.033426537702168968e-03 -9.280480103275090542e-02 4.521433321420516904e+00 -1.140578960927512431e-01 7.946954576600577524e-02 -1.306974154083956896e-01
-4.254208773757039985e-03 -8.302009225101969481e-02 4.526832602424747165e+00 -2.069556839099664647e-01 9.585477795847553717e-02 -7.589597045732247860e-02
-3.246019891266938018e-03 -8.553099933264396437e-02 4.537562847734278648e+00 -7.009767079018540403e-02 9.326558624872349768e-02 -1.711452363934854934e-02
-2.466350490257673833e-03 -9.495583948577956956e-02 4.541644973333006874e+00 1.471656827115451760e-01 8.875150426838197826e-02 3.305674472761972564e-03
-3.102493205639045293e-03 -9.404514527171847771e-02 4.551811692486523953e+00 1.432094364511247997e-01 7.721593968865196611e-02 -7.113507836432746145e-02
-6.186567729168368501e-04 -8.205106666596712062e-02 4.560462244487524686e+00 -1.911008410314936172e-03 5.287464246588055583e-02 -2.897452354793527557e-02
-1.680930218844522983e-03 -7.150276526742699312e-02 4.566364444346305618e+00 -1.223369163052123038e-01 3.135951633966338296e-03 -3.560416685625265171e-02
-3.080207014675595545e-03 -7.536624299019262230e-02 4.573433378481382761e+00 -1.150926117935175963e-01 -2.748276886842614813e-02 4.746589356461006388e-03
-5.433290453525474462e-03 -7.659392466134806732e-02 4.576451636450485694e+00 -6.649944086805636978e-02 -2.859959975637589580e-02 -1.073783479693167231e-01
-4.731624867295947112e-03 -7.822813001676819089e-02 4.588793614009915700e+00 -2.594193667233975209e-02 9.601132334548729066e-04 -1.589668699253104500e-01
-2.857283915418173947e-03 -7.358426148074886930e-02 4.592073713709851290e+00 -8.462349712527723541e-03 7.573792446409346318e-03 -1.746312318133104724e-01
-1.211906623179936915e-03 -7.626741761246308426e-02 4.598870397642798480e+00 -2.141582378828532293e-02 5.804208513779011459e-03 -1.453458615677204993e-04
-7.146062804661568180e-04 -7.859119090887908832e-02 4.604170445142614199e+00 -7.154902569701142301e-02 -1.176478976608425799e-02 1.418187360949476616e-01
3.154764128371567722e-03 -8.199438848886572706e-02 4.611776314923105247e+00 -1.286862955209777115e-01 -1.892021133724789729e-03 3.380029537403115292e-01
4.455268269094370126e-03 -8.159502177236127585e-02 4.612156070542766884e+00 -6.572442879102476099e-02 -2.059458104741700157e-02 3.358537670115648299e-01
5.880435381989013166e-03 -8.344040060588159280e-02 4.611787358280992066e+00 6.713568035506127518e-02 -3.088414548770167939e-02 3.203993415240336540e-01
2.516905261409796424e-03 -9.134156819200722754e-02 4.610782303069413501e+00 2.187614363963762479e-02 -1.582102686995136938e-03 2.702645349560770516e-01
-1.804325454902722115e-03 -9.559773216374789495e-02 4.621820077062977816e+00 -1.675493686055243847e-01 4.239460081422475463e-02 2.422000093287648426e-01
-2.053060049936772380e-03 -1.049565399727143133e-01 4.624936968171539320e+00 -1.908639512831945828e-01 6.642738081676154149e-02 2.833031465630176382e-01
-5.248015786118775949e-03 -1.204310207017029732e-01 4.626118700864424227e+00 8.104642418842863613e-04 4.971100429043748964e-02 2.203755630584994241e-01
-7.093491091738179932e-03 -1.410293984371209230e-01 4.619253274610343851e+00 1.503690353643873101e-01 6.086418148839924103e-02 1.046839485712671991e-01
-1.104102885952906732e-02 -1.367133326898601897e-01 4.619879357300987976e+00 7.099287781757199212e-02 1.157863750068559017e-01 -9.132980959357485384e-02
-1.439903703141753866e-02 -1.369389427896072764e-01 4.626855536892264809e+00 6.760161099007492083e-03 1.541757306031427688e-01 -2.373763166356206988e-01
-1.523814536344558768e-02 -1.326125754087107422e-01 4.629774936599631019e+00 6.961365910075557190e-03 1.723760473497334966e-01 -2.500376485387531544e-01
-2.129122340249711698e-02 -1.460811475804135728e-01 4.634566014345239182e+00 4.948500533179272382e-02 1.557039033063292721e-01 -2.087683688215349886e-01
-2.180379435954904466e-02 -1.434495285661689934e-01 4.629930024810391842e+00 6.011418093503394927e-02 1.486560525204307925e-01 -1.317263651105622657e-01
-2.384800555251942455e-02 -1.570577451486685483e-01 4.637504209875771721e+00 8.140833556909371493e-02 1.454409882314859626e-01 -3.231070127793987667e-02
-1.591773797754614250e-02 -1.410693699533563938e-01 4.642062426500729089e+00 5.132720684199656991e-02 1.481086783108765403e-01 4.473194852573095237e-02
-1.184425430135371826e-02 -1.333448350832582840e-01 4.654510006347663875e+00 -5.857816327793227001e-02 1.427705261410529836e-01 1.168248745539214734e-01
-4.713958658163708293e-03 -1.114511989894696742e-01 4.655488280788745215e+00 -1.090003317064510840e-01 1.105766744450224076e-01 1.668133195416815484e-01
-4.808916391892736897e-03 -1.102097478244460915e-01 4.649707410045891720e+00 3.539106420279243548e-02 6.603682228499574425e-02 1.718557633045443567e-01
-7.070598197657318451e-03 -1.169663983808872931e-01 4.650067030812806479e+00 2.576933776062151349e-01 2.521045459447877717e-03 1.739877061707784944e-01
-1.235378438910927912e-02 -1.261865201376841661e-01 4.652952941577552792e+00 2.992542977566539641e-01 -6.542306197303908444e-02 7.439902803434998713e-02
-1.550147909929133760e-02 -1.146441235253192747e-01 4.665004404208843880e+00 1.251022842770216636e-01 -1.095849409262408120e-01 1.276686397309088061e-01
-1.672127770246012446e-02 -9.841125757626323356e-02 4.669646784178496546e+00 1.314018429252844511e-02 -1.470530724110394316e-01 6.831061172902938572e-02
-1.605603870673721900e-02 -9.577850390925268798e-02 4.678350651595678755e+00 1.141031939333438452e-02 -1.308630754776645699e-01 7.119611558024134534e-02
-1.808041576013863505e-02 -1.031430007323287379e-01 4.690651140425302401e+00 2.127302891375983801e-02 -1.309751527657776471e-01 -2.333415616218996111e-02
-1.813172970096443848e-02 -1.063454716382965515e-01 4.703401322594743306e+00 -3.156505360723071973e-02 -1.214820588296439269e-01 7.683685809707794731e-03
-1.443788238372478716e-02 -9.789743879884471589e-02 4.718929042275647134e+00 -9.189913036919052092e-02 -1.484934764977739463e-01 5.993082246325974471e-02
-1.138805860171521189e-02 -9.314942183279206755e-02 4.736270037204405980e+00 -1.521569274202063948e-01 -1.399384213385008457e-01 -2.882334668815142095e-02
-8.437493064305634505e-03 -8.647240952607337938e-02 4.749026884791703651e+00 -1.671718210838071261e-01 -5.503992014314235820e-02 -8.477167276171940213e-02
-7.265768356387036775e-03 -9.558655905335144976e-02 4.762948613909543383e+00 -9.208856616639927994e-02 5.989058986522186045e-02 -1.545610939187654076e-01
-1.961098190246257644e-04 -1.014896383976148508e-01 4.772819961923516985e+00 2.340695539233845698e-02 1.137380696707684657e-01 1.057048610885049852e-02
3.846199854328435919e-03 -1.074891814943620405e-01 4.787498563832457421e+00 1.062344300089465149e-01 8.730178889885642501e-02 1.398742962227808861e-01
2.072541458439935980e-03 -1.043432794137141295e-01 4.798676297226450060e+00 1.865962375745779667e-01 4.848051313484409708e-02 2.678391467715415808e-01
-7.156704844485162198e-03 -1.164622822916146772e-01 4.809469914532030543e+00 2.172782911439287701e-01 2.668525470068514732e-02 2.092739239157366815e-01
-1.834910098641362453e-02 -1.185166976011084450e-01 4.824597962025336528e+00 2.192377355653112314e-01 -1.048160637914192644e-01 7.935991136221620668e-02
-3.373481861378513358e-02 -1.184028973452364575e-01 4.833131575279594472e+00 8.448310367329070480e-02 -2.446580686741539890e-01 -6.891949630805144222e-02
-4.831490120126646914e-02 -1.125817987567261369e-01 4.849530274690494025e+00 -1.523519191257518279e-01 -2.678705803971170307e-01 -1.840636577602136614e-01
-4.271895312858586813e-02 -1.048526991285312349e-01 4.862579481313275664e+00 -3.930187728095929645e-01 -1.166590069253951450e-01 -8.339793066633087448e-02
-2.958802406900695736e-02 -1.038844142424124595e-01 4.880011928106966934e+00 -4.174608516045439921e-01 1.881381685778026752e-02 2.969760060575781652e-02
-1.465901112443179777e-02 -1.110235619446337529e-01 4.884401432552863298e+00 -1.613520041994504772e-01 5.765158604616831689e-02 2.120226799997844414e-01
-1.397443093660477587e-02 -1.268895187690493032e-01 4.886714497278660474e+00 2.484145530169371702e-02 4.730381446651537453e-02 1.862989152207171484e-01
-1.138059571403915449e-02 -1.258477222401113149e-01 4.889432601995054029e+00 4.924845210108237670e-02 4.661609061239405105e-02 1.191264169016844759e-01
-1.366775201764358627e-02 -1.253473678455306883e-01 4.886976992066024650e+00 -1.431047977781105957e-02 5.893720379564013762e-02 4.471834199748910693e-02
-1.494787319405643800e-02 -1.258340440650510539e-01 4.885669078949888444e+00 2.238147813248295148e-02 6.697069661381473138e-02 -8.202417093048389174e-02
-1.663283454263342342e-02 -1.360401470677694569e-01 4.883391804280051929e+00 8.994923754905942426e-02 9.390556018282469886e-02 -1.198958167994258472e-01
-1.194807960261612401e-02 -1.298250470584940697e-01 4.884257406282927150e+00 -2.442908345916364188e-02 1.146426445512573888e-01 -6.374541847660165905e-02
-5.890098633785312288e-03 -1.248058747187597572e-01 4.882477376089013887e+00 -1.228571630729890229e-01 9.493322059016917613e-02 6.990562571673403225e-02
-1.079142716363890031e-03 -1.065243898103908071e-01 4.871825012264707766e+00 -8.293331199981818225e-02 3.894442841164790642e-02 1.856598076891568527e-01
-8.704494906488946526e-03 -1.198707218668630947e-01 4.864887811796904771e+00 1.391702236363587253e-02 -9.347514374335013851e-03 7.557428578310633471e-02
-1.581970963949075326e-02 -1.257826270189519313e-01 4.851202220639208917e+00 1.555911660850900213e-01 -2.314631531001240181e-02 -1.124082801039624352e-01
-1.983245488892526609e-02 -1.302644865561415344e-01 4.840023779182502039e+00 3.192903558440696732e-01 -4.776963245804641961e-02 -2.512427575559458837e-01
-2.146534857801940532e-02 -1.291310812611772274e-01 4.831501748461334955e+00 2.605815816844359589e-01 -9.801192352655492546e-02 -2.961429429461586160e-01
-2.179613986890416300e-02 -1.245356813931629558e-01 4.826165657774652118e+00 -1.365029715579137333e-02 -1.416339997139512141e-01 -1.906777376877566710e-01
-1.968540687192632532e-02 -9.234032487725096772e-02 4.836823157983531019e+00 -4.470240711237187803e-01 -1.609567791351980415e-01 -1.900377227621625753e-01
-1.679070400273996455e-02 -8.530706486492445340e-02 4.831893898144073773e+00 -3.102749679524964277e-01 -1.802058042423048956e-01 -1.267897081104535362e-01
-1.374551361534148697e-02 -8.651575309288234150e-02 4.823696907545127033e+00 2.779267006946737652e-03 -2.344966085343526407e-01 -5.836748268921031907e-02
-1.113863657162150744e-02 -9.657418463215527993e-02 4.808817431818454224e+00 9.887958138208446934e-02 -2.824809705125709280e-01 6.616403056689623696e-02
-1.028676791548421843e-02 -9.391182084564997368e-02 4.802024103923145049e+00 -2.318626837777569213e-02 -2.703425943718685831e-01 1.874477750872066417e-01
-7.760524996643564100e-03 -8.933818127437098688e-02 4.800609398706114916e+00 -8.506148943191904621e-02 -1.905609197460411408e-01 1.663805905303710753e-01
-1.042634041739165518e-02 -1.077720532640802364e-01 4.792160475487150961e+00 5.653634198046339487e-02 -9.469082767452953464e-02 1.469462772292571273e-01
-1.347011634956096771e-02 -1.141798662596280600e-01 4.790985870391182289e+00 1.030364976208146960e-01 -3.875842765164522197e-02 5.748669848700269785e-02
-1.926921746486853770e-02 -1.181758519662183815e-01 4.784500585298360420e+00 5.839299071145050146e-02 -1.206434287057668066e-02 6.997213554122527768e-02
-1.790481299842050511e-02 -1.170212529143632718e-01 4.782902611624535893e+00 4.131541962493306269e-02 -1.358151861736047903e-03 6.920269562219125148e-02
-1.930178375270963365e-02 -1.236832091789992205e-01 4.775290698124479150e+00 8.248950885366307384e-02 -7.537594985356997276e-03 7.598340936655831324e-02
-1.901234472250634688e-02 -1.220869976476450791e-01 4.774511110313653717e+00 5.200884930139695189e-02 -5.033921294248862484e-03 7.614854602278892104e-02
-2.149066502577690052e-02 -1.174150952474982135e-01 4.772894440303218744e+00 7.495653919120398578e-02 9.561113794114727742e-04 1.425320653941717156e-02
-1.923768487922128401e-02 -1.131349082755834512e-01 4.767268437829272898e+00 1.072852023570598085e-01 1.178255783942811635e-02 9.076201426541501138e-02
-1.760828676824166550e-02 -1.165873497426292704e-01 4.774218146140867702e+00 4.288513366120230708e-02 1.463934843824140665e-02 1.401208424129244678e-01
-1.799347678306739695e-02 -1.142653382047100763e-01 4.780232868528230483e+00 -8.065741417681519809e-02 3.908251126947063711e-03 2.604338751712882982e-01
-2.004117800210480915e-02 -1.047561026796349770e-01 4.792367449477410446e+00 -1.107818517621495802e-01 3.250339051747154397e-03 2.048145049047370991e-01
-3.004789882697889158e-02 -1.144473980706541272e-01 4.800033765252408102e+00 2.424966361498243073e-02 1.686000820786192483e-02 6.302865927646737754e-02
-3.338321954937684133e-02 -1.169934829124015252e-01 4.791516830672833294e+00 1.835613300061501169e-02 5.192833229918708549e-02 -1.475021785342895408e-01
-4.214405809309451634e-02 -1.228193327435674054e-01 4.834420187378668743e+00 -3.878344148394186758e-02 7.806103463467739534e-02 -2.554658213819011037e-01
-3.953097223313839503e-02 -1.152304478480941641e-01 4.838896682774759483e+00 -7.453746972977004503e-02 7.785810542153157043e-02 -2.146429139885231985e-01
-3.889507214921583689e-02 -1.227153045512607843e-01 4.805821055730746139e+00 4.318066551930282299e-02 6.323479358796360583e-02 -8.922378388106248781e-02
-3.167525472020243926e-02 -1.148575490356598117e-01 4.771856182138265012e+00 7.428896102947102342e-02 5.046125973030571310e-02 -2.197647838880925977e-02
-2.637677172385699542e-02 -1.108210010483010044e-01 4.767564954346426020e+00 6.298087012599812295e-02 4.222232323150455074e-02 -2.083048380687492138e-02
-2.118353410719650554e-02 -1.029076825370088405e-01 4.826037562086014532e+00 1.042708462562014042e-02 4.688348577072552065e-02 -9.723546784934075649e-02
-2.136355802353409605e-02 -1.039727383603754329e-01 4.832956539730503209e+00 -4.506864675838903600e-02 4.948765781618436749e-02 -1.620327901925289749e-01
-2.289018311543173506e-02 -1.056493740686723914e-01 4.847958181691353730e+00 -1.294922227977474485e-02 5.186592309418499441e-02 -2.062203239120787845e-01
-2.421507435228059668e-02 -1.088868981616592513e-01 4.844139035868693099e+00 2.739206593886366753e-02 4.942755637323355267e-02 -1.896709883723107781e-01
-2.327844814039520260e-02 -1.138146657660828731e-01 4.847550329617376974e+00 6.331497736416653865e-02 4.953421817048380554e-02 -1.583612343734609462e-01
-2.158066475829795161e-02 -1.086938729620758881e-01 4.844913156196980708e+00 -2.462173442304221860e-02 4.866809280333273674e-02 -1.636913450522863855e-01
-1.911884582332201710e-02 -1.020735700113536426e-01 4.854769113174427275e+00 -9.930941480559028756e-02 5.544556573061962951e-02 -1.787467336741917767e-01
-1.672566724675972338e-02 -9.626835605938682816e-02 4.868151757544126212e+00 -5.560284860765341702e-02 5.900831344600019485e-02 -1.738723790128257063e-01
-1.239156431755483734e-02 -1.014027422614247886e-01 4.872162690771290272e+00 -1.120751467206640775e-02 5.905928983481445460e-02 -1.037191916980835515e-01
