0.000000 0.000000 0.000000 0.000000
-0.090348 0.832703 -0.086623 0.816725
-0.227082 1.724394 -0.221321 1.686894
-0.462664 2.656069 -0.453652 2.597286
-0.739149 3.606155 -0.724379 3.524341
-1.091918 4.595667 -1.071656 4.492663
-1.508848 5.655371 -1.484461 5.537320
-2.051712 6.748062 -2.028487 6.614856
-2.713318 7.878112 -2.691342 7.718163
-3.516385 9.067568 -3.490821 8.880716
-4.491954 10.326160 -4.464470 10.125347
-5.609152 11.691750 -5.576518 11.486453
-6.903549 13.128640 -6.869397 12.913751
-8.363118 14.649720 -8.326604 14.410651
-9.956330 16.225210 -9.906668 15.980181
-11.619070 17.927470 -11.559958 17.682087
-13.353210 19.736090 -13.289810 19.499135
-15.136630 21.679880 -15.049626 21.438489
-16.964240 23.719660 -16.857322 23.464536
-18.877830 25.875560 -18.744748 25.621452
-20.830740 28.147660 -20.684619 27.903504
-22.871770 30.482630 -22.695935 30.225280
-24.886590 32.803260 -24.689191 32.531421
-26.870570 35.039970 -26.655236 34.751671
-28.811300 37.192580 -28.594809 36.902995
-30.646460 39.260620 -30.445276 38.986599
-32.291360 41.123530 -32.100382 40.848823
-33.733100 42.746160 -33.549841 42.467254
-35.012640 44.160670 -34.835393 43.877443
-36.199090 45.514710 -36.051329 45.209230
-37.327650 46.778040 -37.202519 46.461284
-38.404250 47.940630 -38.292946 47.655204
-39.456550 49.082140 -39.351298 48.799408
-40.498600 50.219500 -40.384236 49.964277
-41.597650 51.385360 -41.475156 51.163069
-42.670920 52.631120 -42.549315 52.460865
-43.783780 53.937650 -43.658807 53.821730
-44.920820 55.337620 -44.800921 55.258653
-46.120720 56.815560 -45.997780 56.769689
-47.365430 58.372930 -47.240627 58.339253
-48.666800 59.979070 -48.529379 59.943036
-50.030020 61.576000 -49.881819 61.532602
-51.414730 63.107910 -51.248645 63.059810
-52.862240 64.538410 -52.675298 64.493545
-54.375110 65.887250 -54.169317 65.843665
-55.924550 67.149480 -55.707800 67.110287
-57.559790 68.374320 -57.327698 68.334025
-59.177460 69.621270 -58.939496 69.594256
-60.759520 70.931820 -60.524998 70.930050
-62.307480 72.379340 -62.080797 72.392999
-63.853540 73.956860 -63.634192 73.972912
-65.390780 75.631700 -65.171015 75.645808
-66.991100 77.387680 -66.763869 77.404819
-68.609530 79.196970 -68.377176 79.231100
-70.274010 81.089820 -70.034316 81.145173
-71.925810 83.056060 -71.682393 83.119078
-73.563010 85.098160 -73.305570 85.169598
-75.207400 87.183040 -74.943386 87.268977
-76.862220 89.305700 -76.596584 89.407446
-78.535560 91.464590 -78.277127 91.574830
-80.278640 93.656230 -80.013894 93.764567
-82.117300 95.861120 -81.846766 95.973439
-84.041720 98.063290 -83.776836 98.189932
-86.049920 100.282700 -85.774448 100.414900
-88.110660 102.534000 -87.847476 102.676980
-90.222040 104.784400 -89.980392 104.947429
-92.418200 107.072900 -92.172135 107.249974
-94.612450 109.414200 -94.368737 109.608261
-96.824830 111.813800 -96.602205 112.046442
-99.043790 114.276500 -98.819761 114.513627
-101.306500 116.748500 -101.073527 116.989804
-103.576100 119.241300 -103.336623 119.493114
-105.840200 121.755800 -105.594536 122.019451
-108.116400 124.267400 -107.868864 124.539748
-110.385100 126.821400 -110.123361 127.090419
-112.640600 129.379300 -112.367515 129.645379
-114.914100 131.926900 -114.620304 132.190332
-117.148400 134.485500 -116.839021 134.753994
-119.354300 137.071400 -119.029415 137.334389
-121.540600 139.657900 -121.215396 139.930802
-123.684500 142.245600 -123.343127 142.518589
-125.782200 144.783400 -125.427915 145.060529
-127.831000 147.253800 -127.469962 147.532537
-129.831700 149.643100 -129.451814 149.916524
-131.834000 151.990000 -131.457966 152.281731
-133.840100 154.328800 -133.449084 154.620873
-135.825200 156.647500 -135.435411 156.968837
-137.758700 158.969200 -137.370941 159.330117
-139.648500 161.294400 -139.257819 161.681543
-141.370900 163.442700 -140.983753 163.853888
-142.844000 165.383800 -142.473351 165.817646
-144.143000 167.260000 -143.802503 167.717095
-145.393000 169.142200 -145.084468 169.615835
-146.580900 171.039200 -146.309356 171.545562
-147.738900 172.965800 -147.497725 173.491703
-148.908100 174.976600 -148.671836 175.508098
-150.056600 177.026200 -149.823533 177.557631
-151.252900 179.134000 -151.007952 179.647344
-152.470700 181.281400 -152.215893 181.780735
-153.695000 183.489500 -153.435529 183.975866
-154.942400 185.717200 -154.675874 186.193870
-156.214100 187.972300 -155.944355 188.447533
-157.534400 190.257600 -157.249039 190.725094
-158.850900 192.537400 -158.560799 192.992560
-160.185100 194.828400 -159.899694 195.285640
-161.524500 197.124000 -161.236985 197.578827
-162.840300 199.453400 -162.542562 199.891883
-164.098600 201.799900 -163.814388 202.234207
-165.368600 204.170200 -165.046820 204.586395
-166.597400 206.520300 -166.245975 206.923662
-167.787600 208.849900 -167.405631 209.267063
-168.933500 211.176100 -168.528960 211.597201
-170.028700 213.496100 -169.607168 213.927721
-171.081800 215.794800 -170.643646 216.251214
-172.084700 218.099300 -171.630304 218.570554
-173.022000 220.397600 -172.560489 220.872947
-173.893400 222.633600 -173.427911 223.123904
-174.654500 224.652700 -174.181349 225.149689
-175.278500 226.429300 -174.779425 226.929866
-175.788100 228.086300 -175.278269 228.565711
-176.369400 229.704500 -175.853121 230.154923
-176.989400 231.277000 -176.462286 231.707512
-177.681800 232.812200 -177.142644 233.222467
-178.454200 234.303600 -177.899005 234.689668
-179.278100 235.738100 -178.723853 236.126592
-180.189100 237.161700 -179.651196 237.558290
-181.144200 238.560900 -180.640101 238.969149
-182.197800 239.937600 -181.723053 240.357697
-183.335200 241.285800 -182.874854 241.717754
-184.587700 242.595900 -184.095423 243.044027
-185.814000 243.911300 -185.335919 244.357259
-187.048100 245.143100 -186.568818 245.628741
-188.198500 246.319900 -187.716990 246.867883
-189.304300 247.468200 -188.800008 248.010439
-190.269300 248.540800 -189.742348 249.053026
-191.154100 249.581700 -190.592247 250.097810
-191.926000 250.654600 -191.350913 251.176731
-192.531700 251.763900 -191.945342 252.285280
-193.071200 252.922000 -192.482397 253.427192
-193.509400 254.204400 -192.912158 254.694392
-193.848900 255.544700 -193.240459 256.036449
-193.999700 256.926700 -193.390875 257.433482
-194.021900 258.339900 -193.407117 258.852059
-193.898600 259.805400 -193.275047 260.305460
-193.628600 261.364200 -192.984368 261.846653
-193.238300 263.047500 -192.580403 263.500740
-192.708600 264.808900 -192.043210 265.234377
-192.104000 266.649200 -191.423628 267.052475
-191.462400 268.603100 -190.761415 268.968376
-190.797000 270.682700 -190.070285 271.016524
-190.060800 272.872400 -189.335661 273.178429
-189.293100 275.192600 -188.571823 275.473264
-188.502900 277.641500 -187.790259 277.888342
-187.727000 280.224700 -187.015350 280.446703
-186.961800 282.934800 -186.249144 283.134556
-186.209900 285.748800 -185.490846 285.928741
-185.403300 288.628300 -184.697908 288.808135
-184.570700 291.586000 -183.873185 291.750946
-183.649800 294.619600 -182.970908 294.775240
-182.737700 297.711700 -182.054072 297.859634
-181.793400 300.865600 -181.113329 301.003464
-180.849900 304.095900 -180.152927 304.226132
-179.905600 307.420900 -179.194018 307.518473
-178.954800 310.799700 -178.217408 310.880822
-177.964400 314.251600 -177.199325 314.315518
-176.963700 317.732400 -176.177407 317.777337
-175.963500 321.181600 -175.163655 321.221186
-174.987100 324.554200 -174.153538 324.601687
-174.023100 327.910300 -173.146859 327.946349
-173.058300 331.221400 -172.148601 331.254200
-172.101400 334.504400 -171.174744 334.536278
-171.168600 337.759400 -170.221159 337.781907
-170.230800 341.003300 -169.276786 340.991461
-169.296400 344.181500 -168.337147 344.160906
-168.398400 347.295600 -167.427516 347.274456
-167.531300 350.342400 -166.548260 350.318291
-166.699800 353.306400 -165.698268 353.294174
-165.892400 356.172000 -164.870522 356.179784
-165.098300 358.932500 -164.059528 358.949881
-164.345300 361.530000 -163.284238 361.550706
-163.597800 363.935800 -162.523725 363.960292
-162.787600 366.116600 -161.706559 366.168125
-161.884400 368.100000 -160.803453 368.161592
-160.785200 369.828000 -159.740326 369.946630
-159.542500 371.369200 -158.512113 371.523927
-158.143000 372.647300 -157.102446 372.838469
-156.616800 373.687400 -155.571698 373.915281
-155.027200 374.470800 -153.953096 374.722419
-153.332600 374.963600 -152.254350 375.276189
-151.599500 375.211200 -150.489615 375.525297
-149.874100 375.128600 -148.727932 375.448611
-148.191100 374.733900 -147.005804 375.061738
-146.543000 374.095200 -145.319408 374.419970
-144.914800 373.293300 -143.661497 373.586590
-143.280200 372.350400 -142.019508 372.614145
-141.616100 371.304400 -140.348737 371.558098
-139.907000 370.194500 -138.631248 370.463900
-138.135500 369.089600 -136.860124 369.365409
-136.293100 368.007300 -135.007562 368.293035
-134.405300 366.962400 -133.115654 367.274039
-132.496300 365.975900 -131.197349 366.326788
-130.571600 365.080900 -129.260558 365.458065
-128.619500 364.291900 -127.287301 364.670216
-126.656400 363.647200 -125.307001 364.036101
-124.686700 363.240900 -123.330279 363.645924
-122.710700 362.959600 -121.351444 363.378213
-120.778000 362.821200 -119.413736 363.244841
-118.852100 362.891400 -117.488117 363.344420
-116.933700 363.238000 -115.556215 363.680342
-115.040100 363.836700 -113.645049 364.263635
-113.187400 364.675300 -111.786216 365.107206
-111.379000 365.708800 -109.974339 366.180423
-109.607000 366.988100 -108.201628 367.487322
-107.898500 368.467100 -106.472161 368.972143
-106.224100 370.116600 -104.787520 370.627720
-104.580500 371.914500 -103.126107 372.420103
-102.922400 373.834000 -101.439601 374.323680
-101.191200 375.784600 -99.678693 376.264364
-99.379940 377.802900 -97.849522 378.248175
-97.478290 379.863400 -95.934827 380.260500
-95.491570 381.925000 -93.917473 382.300482
-93.423650 384.005900 -91.813999 384.345780
-91.280570 386.098100 -89.623738 386.404210
-89.045070 388.181600 -87.350017 388.458250
-86.742020 390.288800 -85.006825 390.543252
-84.364980 392.374100 -82.582813 392.605076
-81.853360 394.418400 -80.017229 394.645077
-79.248480 396.404500 -77.348311 396.638525
-76.537680 398.369600 -74.583233 398.613088
-73.724260 400.331100 -71.728223 400.574094
-70.825440 402.292000 -68.798925 402.546648
-67.877910 404.262900 -65.833235 404.525556
-64.903020 406.248000 -62.845034 406.532046
-61.889560 408.236000 -59.819248 408.548065
-58.852010 410.280200 -56.772482 410.610958
-55.800230 412.337800 -53.712634 412.686955
-52.710230 414.384300 -50.626211 414.747967
-49.604790 416.466800 -47.511625 416.824807
-46.493810 418.577000 -44.381913 418.915944
-43.372560 420.711000 -41.229987 421.015278
-40.248630 422.860200 -38.073218 423.135019
-37.086240 425.028200 -34.881544 425.267712
-33.889730 427.182100 -31.677920 427.397250
-30.664950 429.337900 -28.447834 429.538869
-27.410250 431.503800 -25.186952 431.697054
-24.174430 433.712400 -21.914502 433.865868
-20.920290 435.925000 -18.620196 436.039136
-17.651180 438.177400 -15.324192 438.252484
-14.365040 440.440300 -12.015025 440.485129
-11.061380 442.712600 -8.691821 442.726493
-7.741806 444.989800 -5.366667 444.968698
-4.414908 447.260400 -2.021351 447.221575
-1.069931 449.537800 1.346086 449.482385
2.268992 451.802900 4.689827 451.718582
5.618782 454.084500 8.048308 453.969950
8.980097 456.369200 11.434961 456.217708
12.341260 458.626800 14.824547 458.459634
15.714350 460.893000 18.224096 460.692363
19.061240 463.168200 21.615075 462.922310
22.408870 465.457400 24.982226 465.168847
25.755740 467.743000 28.339693 467.413089
29.061060 470.041800 31.678032 469.682464
32.324960 472.331300 34.955564 471.937713
35.550180 474.627800 38.194018 474.199843
38.735260 476.925100 41.417257 476.476467
41.887840 479.230600 44.585106 478.744925
44.993940 481.541800 47.720761 481.035226
48.070570 483.849400 50.816422 483.317538
51.109540 486.156600 53.882464 485.601819
54.110080 488.466200 56.892788 487.889210
57.096550 490.748700 59.910483 490.170552
60.069120 492.986700 62.894997 492.400600
63.050420 495.179700 65.885294 494.599758
66.059370 497.322100 68.904895 496.736772
69.083080 499.431700 71.943744 498.822295
72.142220 501.479300 75.031922 500.856091
75.234820 503.478200 78.140549 502.839664
78.338470 505.450400 81.252728 504.785689
81.441500 507.419700 84.379041 506.722372
84.540140 509.385200 87.486682 508.655338
87.639880 511.362100 90.584411 510.601491
90.709230 513.392500 93.668767 512.589777
93.736610 515.475200 96.715025 514.610536
96.677890 517.605800 99.717531 516.677876
99.607740 519.737800 102.709531 518.746425
102.561600 521.865600 105.701624 520.826565
105.577000 524.023500 108.728115 522.940423
108.657600 526.229400 111.809414 525.090596
111.771100 528.465100 114.935495 527.285024
114.872000 530.752400 118.072200 529.506939
118.005300 533.059200 121.245990 531.754099
121.180000 535.395100 124.458488 534.031270
124.405200 537.763200 127.705893 536.333483
127.653600 540.152100 130.968592 538.663903
130.907900 542.528800 134.244128 541.000010
134.241500 544.959600 137.616332 543.394305
137.591000 547.411300 141.001092 545.796326
140.954400 549.916000 144.395555 548.237308
144.418500 552.500700 147.907945 550.747251
147.989300 555.158200 151.537939 553.322334
151.696500 557.880700 155.305565 555.956617
155.510500 560.680800 159.204794 558.684323
159.407200 563.562500 163.180571 561.499949
163.374300 566.495900 167.196493 564.360400
167.422700 569.494600 171.301817 567.311302
171.545300 572.553800 175.455062 570.322130
175.730300 575.626800 179.664315 573.359516