0.000000 0.000000 -0.000000 0.000000
-0.089016 7.389290 -0.066613 6.964370
-0.305890 14.797400 -0.299682 14.570300
-0.620943 22.203700 -0.645967 21.966100
-1.048348 29.584920 -1.118140 29.325100
-1.585733 36.922070 -1.642340 36.589400
-2.238772 44.194610 -2.334920 43.726000
-3.001616 51.415870 -3.102830 50.850200
-3.867249 58.589250 -3.956820 57.864000
-4.795038 65.700100 -4.927750 64.839300
-5.794052 72.771600 -5.996550 72.137000
-6.871512 79.788950 -7.047150 79.036400
-8.016004 86.753970 -8.228950 86.085800
-9.210328 93.677060 -9.405350 92.978200
-10.431210 100.533300 -10.604400 99.857500
-11.732680 107.344300 -11.888000 106.498000
-13.055640 114.104000 -13.289100 113.274000
-14.384260 120.827900 -14.590500 120.120000
-15.723300 127.512400 -15.910300 126.683000
-17.053470 134.160600 -17.271700 133.446000
-18.342450 140.790700 -18.571600 140.012000
-19.569220 147.385000 -19.739600 146.553000
-20.732430 153.964100 -20.893100 153.005000
-21.857800 160.539000 -22.019400 159.712000
-22.948380 167.095100 -23.078800 166.259000
-24.023740 173.634300 -24.149600 172.780000
-25.069850 180.158300 -25.233200 179.375000
-26.056680 186.676000 -26.150700 185.854000
-26.974780 193.195100 -27.045300 192.320000
-27.858700 199.693900 -27.889600 198.853000
-28.692900 206.176000 -28.708000 205.415000
-29.434530 212.642600 -29.416300 211.838000
-30.083050 219.100400 -30.033600 218.361000
-30.671960 225.565300 -30.576600 224.752000
-31.180560 232.000200 -31.047200 231.211000
-31.586090 238.410200 -31.418600 237.637000
-31.892030 244.808400 -31.664600 244.031000
-32.097660 251.188800 -31.838500 250.447000
-32.202150 257.553400 -31.887200 256.818000
-32.198190 263.885000 -31.833700 263.167000
-32.087010 270.193400 -31.683800 269.439000
-31.873260 276.479700 -31.433500 275.731000
-31.574190 282.729800 -31.114300 281.992000
-31.188540 288.943200 -30.666600 288.224000
-30.698630 295.150300 -30.152200 294.434000
-30.116110 301.296300 -29.545000 300.657000
-29.440690 307.452700 -28.868900 306.812000
-28.653300 313.612300 -28.058600 312.922000
-27.757920 319.761100 -27.153600 318.991000
-26.759700 325.911300 -26.138000 325.059000
-25.672240 332.055100 -24.992300 331.290000
-24.487240 338.181000 -23.766000 337.408000
-23.207130 344.279200 -22.441500 343.491000
-21.830700 350.364100 -21.085900 349.527000
-20.360990 356.419300 -19.610100 355.512000
-18.768230 362.435600 -17.996900 361.507000
-17.066110 368.393500 -16.245400 367.516000
-15.249140 374.314400 -14.434300 373.409000
-13.334380 380.196800 -12.500100 379.263000
-11.343710 386.053600 -10.500900 385.088000
-9.304076 391.875400 -8.430000 390.906000
-7.168676 397.655100 -6.293950 396.668000
-4.924238 403.401100 -4.042320 402.403000
-2.596600 409.080400 -1.699790 408.070000
-0.165963 414.718200 0.738981 413.717000
2.359443 420.311900 3.266190 419.243000
4.972955 425.858100 5.920500 424.708000
7.672247 431.362200 8.600770 430.217000
10.447970 436.831000 11.424300 435.708000
13.283490 442.258200 14.299300 441.092000
16.182490 447.655300 17.207500 446.465000
19.151340 453.010300 20.151800 451.772000
22.189770 458.326100 23.174500 457.012000
25.290970 463.603800 26.318000 462.291000
28.473470 468.842000 29.508000 467.458000
31.763860 474.047500 32.736900 472.538000
35.115490 479.164800 36.063500 477.626000
38.571780 484.254300 39.573800 482.708000
42.139890 489.299300 43.175500 487.741000
45.800850 494.276700 46.863300 492.657000
49.537000 499.224200 50.634200 497.565000
53.339850 504.144700 54.437100 502.462000
57.201070 509.064700 58.346700 507.260000
61.123760 514.004900 62.348200 512.016000
65.155140 518.838600 66.408500 516.713000
69.296850 523.589300 70.594900 521.381000
73.494100 528.252600 74.880000 525.941000
77.792360 532.871600 79.190700 530.474000
82.169710 537.413200 83.549600 534.871000
86.622630 541.895000 88.022300 539.269000
91.152030 546.334300 92.578800 543.668000
95.752080 550.711800 97.190600 547.975000
100.406000 555.045100 101.899000 552.245000
105.143200 559.309000 106.539000 556.405000
109.983400 563.515800 111.428000 560.581000
114.871200 567.624500 116.368000 564.656000
119.838400 571.694100 121.354000 568.657000
124.903900 575.746400 126.381000 572.632000
129.953400 579.687200 131.534000 576.526000
135.100300 583.645100 136.707000 580.405000
140.309900 587.587400 141.870000 584.277000
145.524200 591.491500 147.198000 588.122000
150.790300 595.419100 152.435000 591.921000
156.106700 599.349600 157.765000 595.801000
161.424800 603.235000 163.111000 599.620000
166.777600 607.107100 168.474000 603.395000
172.135000 610.949000 173.852000 607.186000
177.486200 614.765000 179.162000 610.890000
182.826000 618.555400 184.526000 614.613000
188.158500 622.330600 189.863000 618.297000
193.482500 626.077400 195.186000 621.980000
198.792500 629.814800 200.510000 625.597000
204.075600 633.549000 205.855000 629.270000
209.343500 637.274200 211.180000 632.937000
214.585200 641.014800 216.435000 636.584000
219.787200 644.790500 221.651000 640.309000
224.979700 648.557800 226.854000 644.003000
230.173500 652.317100 232.063000 647.723000
235.381700 656.069900 237.293000 651.404000
240.592600 659.806200 242.491000 655.095000
245.814800 663.533300 247.730000 658.789000
251.034200 667.254100 252.935000 662.429000
256.249800 670.984000 258.117000 666.106000
261.454100 674.738700 263.316000 669.770000
266.657800 678.508600 268.466000 673.497000
271.847000 682.282300 273.695000 677.216000
277.030900 686.061000 278.880000 680.935000
282.219700 689.855200 284.068000 684.676000
287.407900 693.626100 289.274000 688.399000
292.627800 697.366400 294.482000 692.043000
297.859700 701.081900 299.723000 695.697000
303.107700 704.789700 304.969000 699.316000
308.347900 708.489800 310.184000 702.965000
313.590600 712.185600 315.455000 706.568000
318.827100 715.886600 320.650000 710.181000
324.057300 719.583100 325.904000 713.826000
329.281500 723.288700 331.085000 717.440000
334.508500 726.998400 336.289000 721.093000
339.750600 730.710400 341.520000 724.771000
344.957500 734.414900 346.705000 728.444000
350.173700 738.133300 351.908000 732.116000
355.383700 741.854900 357.114000 735.766000
360.593100 745.568700 362.314000 739.426000
365.820900 749.275900 367.576000 743.156000
371.050700 752.983400 372.784000 746.825000
376.296800 756.683200 378.066000 750.510000
381.539900 760.398600 383.329000 754.243000
386.784000 764.123000 388.494000 757.834000
392.018300 767.858000 393.686000 761.506000
397.278900 771.590900 399.008000 765.183000
402.536700 775.334600 404.169000 768.778000
407.782600 779.100000 409.389000 772.438000
413.028200 782.892000 414.640000 776.179000
418.269100 786.693500 419.932000 779.930000
423.530100 790.502200 425.113000 783.618000
428.816600 794.321100 430.446000 787.419000
434.115600 798.151100 435.789000 791.197000
439.436100 801.957900 441.072000 794.898000
444.786800 805.771800 446.368000 798.620000
450.133900 809.588400 451.788000 802.434000
455.515500 813.416400 457.220000 806.213000
460.909900 817.255900 462.640000 809.983000
466.327800 821.106700 468.082000 813.750000
471.768000 824.969600 473.531000 817.534000
477.221800 828.845400 478.945000 821.281000
482.690500 832.748700 484.520000 825.142000
488.160700 836.679300 489.965000 828.988000
493.637300 840.639500 495.443000 832.846000
499.147700 844.636100 500.896000 836.665000
504.659900 848.631600 506.462000 840.578000
510.195300 852.634200 512.032000 844.500000
515.769800 856.659700 517.516000 848.400000
521.351700 860.668300 523.124000 852.333000
526.985500 864.675200 528.791000 856.281000
532.660500 868.656000 534.500000 860.186000
538.384300 872.604200 540.254000 864.084000
544.177700 876.508600 546.042000 867.895000
550.058800 880.318000 551.918000 871.629000
556.014600 884.033200 557.887000 875.211000
562.047700 887.671400 563.995000 878.789000
568.137200 891.250200 569.999000 882.202000
574.264700 894.741000 576.126000 885.543000
580.435100 898.121100 582.317000 888.813000
586.603600 901.417400 588.545000 892.017000
592.796500 904.624700 594.686000 895.068000
599.017800 907.688800 600.875000 897.925000
605.249600 910.610400 607.093000 900.691000
611.503000 913.418900 613.437000 903.420000
617.786800 916.108900 619.717000 905.971000
624.111700 918.696300 626.153000 908.450000
630.465400 921.166000 632.418000 910.735000
636.870900 923.511400 638.890000 912.997000
643.310500 925.748300 645.393000 915.050000
649.785300 927.877200 651.905000 916.932000
656.288200 929.885100 658.511000 918.799000
662.823800 931.781500 665.062000 920.508000
669.377300 933.559500 671.602000 922.134000
675.966100 935.210600 678.173000 923.620000
682.564900 936.734800 684.796000 924.973000
689.171200 938.127900 691.395000 926.177000
695.815500 939.404800 698.020000 927.270000
702.414700 940.553600 704.647000 928.252000
709.038900 941.578200 711.279000 929.106000
715.653800 942.476300 716.095000 929.198000
722.257400 943.292500 722.632000 930.046000
728.852900 944.039300 729.480000 930.697000
735.432100 944.659700 736.142000 931.180000
741.998600 945.178800 742.877000 931.638000
748.555600 945.604800 749.475000 931.993000
755.098100 945.910100 756.109000 932.237000
761.614700 946.120400 763.371000 932.386000
768.130600 946.246400 769.684000 932.378000
774.606000 946.260300 775.883000 932.279000
781.089100 946.178600 782.355000 932.019000
787.543800 946.016700 788.810000 931.686000
793.985100 945.754100 795.176000 931.340000
800.401500 945.392700 801.598000 930.868000
806.811300 944.944800 807.960000 930.296000
813.179200 944.393200 814.333000 929.619000
819.528900 943.745600 820.645000 928.871000
825.856600 943.023000 826.930000 928.031000
832.136500 942.198900 833.220000 927.095000
838.338400 941.295300 839.343000 926.087000
844.471100 940.329600 845.444000 924.997000
850.537100 939.277600 851.447000 923.848000
856.556600 938.145100 857.485000 922.595000
862.530700 936.973400 863.322000 921.312000
868.485900 935.756700 869.269000 920.007000
874.427900 934.500800 875.137000 918.607000
880.377600 933.213500 881.003000 917.262000
886.321200 931.902700 886.904000 915.852000
892.269900 930.561200 892.780000 914.420000
898.237300 929.189200 898.673000 912.874000
904.210900 927.794400 904.685000 911.357000
910.201000 926.365700 910.541000 909.897000
916.206200 924.924400 916.539000 908.318000
922.187600 923.486800 922.404000 906.821000
928.162700 922.065100 928.426000 905.316000
934.121300 920.655100 934.395000 903.781000
940.050800 919.271000 940.217000 902.304000
945.972500 917.911500 946.230000 900.871000
951.871200 916.542800 952.075000 899.448000
957.759800 915.156300 957.990000 897.953000
963.652000 913.748600 963.817000 896.466000
969.543200 912.341300 969.626000 895.014000
975.443200 910.925400 975.478000 893.497000
981.331300 909.496700 981.324000 891.982000
987.244200 908.071400 987.176000 890.467000
993.159500 906.641800 993.019000 888.934000
999.089100 905.231300 998.895000 887.426000
1005.044000 903.831800 1004.770000 885.931000
1011.002000 902.421600 1010.700000 884.401000
1016.979000 901.005100 1016.700000 882.875000
1022.965000 899.592600 1022.640000 881.336000
1028.969000 898.176100 1028.590000 879.823000
1034.995000 896.776100 1034.550000 878.272000
1041.024000 895.372100 1040.550000 876.769000
1047.077000 893.970400 1046.590000 875.249000
1053.140000 892.591000 1052.600000 873.769000
1059.227000 891.213400 1058.580000 872.310000
1065.293000 889.842400 1064.630000 870.830000
1071.396000 888.467500 1070.690000 869.340000
1077.475000 887.085700 1076.740000 867.844000
1083.571000 885.691700 1082.770000 866.310000
1089.667000 884.296500 1088.870000 864.720000
1095.763000 882.887500 1094.860000 863.160000
1101.877000 881.479400 1100.710000 861.569000
1107.993000 880.059600 1106.800000 859.990000
1114.103000 878.623800 1112.910000 858.281000
1120.219000 877.192000 1119.070000 856.737000
1126.330000 875.757000 1125.250000 855.201000
1132.440000 874.329900 1131.200000 853.616000
1138.525000 872.910100 1137.080000 852.052000
1144.579000 871.470700 1143.010000 850.469000
1150.631000 870.013700 1149.020000 848.832000
1156.662000 868.558500 1154.950000 847.262000
1162.680000 867.120100 1160.920000 845.682000
1168.695000 865.686900 1166.880000 844.115000
1174.705000 864.286100 1172.820000 842.567000
1180.722000 862.924400 1178.750000 841.066000
1186.735000 861.596200 1184.680000 839.593000
1192.734000 860.258400 1190.670000 838.069000
1198.726000 858.928500 1196.590000 836.569000
1204.701000 857.609200 1202.540000 835.080000
1210.668000 856.281000 1208.500000 833.584000
1216.620000 854.933000 1214.460000 832.057000
1222.556000 853.569400 1220.390000 830.506000
1228.474000 852.196800 1226.340000 828.926000
1234.382000 850.820200 1232.120000 827.392000
1240.275000 849.444000 1238.020000 825.855000
1246.165000 848.069500 1243.880000 824.266000
1252.035000 846.696200 1249.680000 822.727000
1257.892000 845.326300 1255.480000 821.208000
1263.736000 843.948400 1261.290000 819.681000
1269.563000 842.572500 1267.070000 818.135000
1275.382000 841.173100 1272.820000 816.576000
1281.174000 839.773400 1278.570000 815.000000
1286.953000 838.401400 1284.320000 813.483000
1292.709000 837.039300 1290.000000 811.967000
1298.431000 835.693800 1295.680000 810.461000
1304.131000 834.362000 1301.310000 808.984000
1309.798000 833.046400 1306.950000 807.494000
1315.424000 831.720800 1312.520000 806.010000
1321.023000 830.381500 1318.110000 804.478000
1326.574000 829.028000 1323.540000 802.969000
1332.088000 827.643000 1328.990000 801.480000
1337.541000 826.186000 1334.310000 799.846000
1342.914000 824.704500 1339.610000 798.224000
1348.173000 823.215400 1344.880000 796.556000
1353.266000 821.698200 1349.930000 794.866000
1358.204000 820.147000 1354.870000 793.146000
1362.997000 818.565700 1359.620000 791.429000
1367.674000 816.978000 1364.260000 789.707000
1372.247000 815.380600 1368.830000 787.968000
1376.704000 813.794600 1373.210000 786.262000
1381.051000 812.235800 1377.520000 784.560000
1385.300000 810.742700 1381.750000 782.945000
1389.442000 809.314000 1385.900000 781.340000
1393.422000 807.949000 1389.790000 779.885000
1397.239000 806.635300 1393.610000 778.428000
1400.931000 805.368900 1397.260000 777.068000
1404.528000 804.118600 1400.790000 775.676000
1408.012000 802.917800 1404.270000 774.349000
1411.370000 801.763200 1407.520000 773.086000
1414.633000 800.664200 1410.630000 771.898000
1417.775000 799.619500 1413.660000 770.759000
1420.756000 798.626400 1416.590000 769.739000
1423.544000 797.699000 1419.350000 768.761000
1426.152000 796.837000 1421.920000 767.810000
1428.610000 796.023700 1424.350000 766.967000
1430.884000 795.266300 1426.650000 766.165000
1433.046000 794.551500 1428.790000 765.387000
1435.058000 793.891900 1430.790000 764.688000
1436.834000 793.314200 1432.570000 764.063000
1438.293000 792.835900 1434.030000 763.572000
1439.388000 792.479800 1435.120000 763.188000
1440.114000 792.245900 1435.840000 762.942000
1440.517000 792.117800 1436.230000 762.805000
1440.636000 792.077400 1436.340000 762.790000
1440.614000 792.084700 1436.330000 762.767000
1440.612000 792.088500 1436.330000 762.769000
1440.613000 792.095700 1436.330000 762.767000
1440.612000 792.100800 1436.330000 762.766000
1440.612000 792.106600 1436.330000 762.766000
1440.609000 792.107500 1436.330000 762.766000
1440.606000 792.106900 1436.330000 762.764000
1440.606000 792.107800 1436.330000 762.765000
1440.607000 792.110600 1436.330000 762.766000
1440.610000 792.115000 1436.330000 762.766000
1440.612000 792.116100 1436.330000 762.766000
1440.615000 792.119500 1436.330000 762.765000
1440.620000 792.119700 1436.330000 762.766000
1440.624000 792.118300 1436.330000 762.766000
1440.629000 792.119500 1436.330000 762.766000