0.000000 -0.000000 0.000000 0.000000
-0.097408 2.449061 0.026673 2.484400
-0.187447 4.879365 -0.060261 4.968980
-0.191903 7.316103 -0.106440 7.462170
-0.242442 9.838283 -0.174690 10.030200
-0.305514 12.466140 -0.242142 12.672300
-0.363355 15.182790 -0.307317 15.392400
-0.380460 17.981590 -0.361517 18.204500
-0.396996 20.881800 -0.452170 21.095000
-0.436237 23.893240 -0.538181 24.087300
-0.490557 27.032790 -0.684062 27.207200
-0.603112 30.288260 -0.875018 30.431500
-0.787159 33.615050 -1.108170 33.758800
-0.959628 36.945950 -1.365050 37.103200
-1.110449 40.259590 -1.582600 40.431100
-1.255669 43.576430 -1.789490 43.767800
-1.386407 46.869920 -1.978460 47.072600
-1.499075 50.143850 -2.166050 50.377900
-1.613413 53.398250 -2.350210 53.614900
-1.723138 56.623090 -2.545650 56.851700
-1.898414 59.821890 -2.807760 60.067800
-2.181281 62.994160 -3.110490 63.230400
-2.449622 66.136820 -3.439050 66.388800
-2.680662 69.267820 -3.730580 69.550300
-2.873707 72.349960 -3.936140 72.625800
-2.953197 75.440010 -4.056720 75.769800
-2.926184 78.554800 -4.056460 78.903600
-2.845324 81.690910 -4.014900 82.097600
-2.764949 84.868710 -3.983860 85.297900
-2.698212 88.089070 -3.982840 88.531500
-2.678738 91.354580 -4.037360 91.814800
-2.704144 94.647340 -4.120750 95.135500
-2.737356 97.918990 -4.225820 98.393400
-2.772459 101.181300 -4.323420 101.693000
-2.831096 104.420700 -4.439110 104.934000
-2.874578 107.631000 -4.547590 108.143000
-2.906721 110.808800 -4.633210 111.339000
-2.914125 113.917300 -4.733160 114.444000
-2.962765 116.907600 -4.827780 117.467000
-3.035234 119.744300 -4.939430 120.307000
-3.113593 122.430500 -5.073540 123.007000
-3.207508 124.962400 -5.195600 125.543000
-3.309862 127.371700 -5.331270 127.984000
-3.384122 129.611800 -5.453790 130.229000
-3.435593 131.546700 -5.517470 132.201000
-3.425130 133.213500 -5.538280 133.897000
-3.368421 134.604000 -5.508980 135.299000
-3.286597 135.779200 -5.432200 136.510000
-3.120065 136.859800 -5.264730 137.633000
-2.893932 137.865500 -5.082050 138.627000
-2.525748 138.759600 -4.739020 139.528000
-2.055769 139.591400 -4.305330 140.367000
-1.437280 140.316100 -3.664780 141.137000
-0.703236 140.961400 -3.019770 141.744000
0.248192 141.399300 -2.127570 142.212000
1.234471 141.638200 -1.168470 142.459000
2.271942 141.706400 -0.152252 142.536000
3.359831 141.606500 0.952783 142.438000
4.555917 141.334300 2.129530 142.208000
5.819509 140.970800 3.365150 141.862000
7.115542 140.515300 4.612840 141.413000
8.545613 139.996900 6.052060 140.909000
10.050010 139.402100 7.506130 140.348000
11.634050 138.772700 9.096700 139.754000
13.298620 138.109300 10.745100 139.115000
14.982360 137.451600 12.436200 138.468000
16.642520 136.809900 14.091800 137.845000
18.167170 136.224500 15.626000 137.277000
19.525810 135.723300 16.998700 136.789000
20.780540 135.261700 18.271400 136.353000
21.832140 134.897000 19.348800 135.991000
22.659450 134.623600 20.190500 135.738000
23.292240 134.412100 20.842300 135.543000
23.848590 134.220700 21.434300 135.350000
24.389740 134.010400 21.997600 135.158000
24.925460 133.826900 22.565200 134.967000
25.530540 133.637500 23.202100 134.790000
26.376640 133.406500 24.061000 134.573000
27.496460 133.010400 25.163600 134.326000
28.823630 132.616200 26.492400 134.041000
30.351930 132.217000 28.032800 133.752000
32.036100 131.780500 29.743100 133.385000
33.878170 131.306200 31.601800 132.978000
35.873080 130.801600 33.624200 132.528000
38.027720 130.253500 35.802100 132.027000
40.325530 129.668600 38.137100 131.476000
42.763780 129.053600 40.602100 130.906000
45.363690 128.448100 43.223500 130.312000
48.008600 127.868200 45.966200 129.713000
50.747650 127.297900 48.788200 129.127000
53.584620 126.651600 51.692400 128.583000
56.502990 125.935900 54.688400 128.048000
59.487880 125.275000 57.716200 127.522000
62.498400 124.692500 60.783500 127.041000
65.493310 124.162600 63.825700 126.599000
68.492810 123.654700 66.882200 126.211000
71.487850 123.162300 69.896700 125.871000
74.470160 122.835900 72.892500 125.624000
77.430120 122.600400 75.854500 125.407000
80.379660 122.420900 78.797200 125.207000
83.268710 122.248900 81.678700 125.053000
86.038190 122.092200 84.465000 124.910000
88.663710 121.951200 87.091100 124.797000
91.111890 121.825700 89.564400 124.701000
93.472980 121.719200 91.923100 124.632000
95.733170 121.620200 94.203100 124.572000
97.844790 121.545400 96.355700 124.520000
99.757590 121.491100 98.253200 124.496000
101.466100 121.474800 99.961600 124.483000
102.904100 121.476700 101.403000 124.486000
104.137800 121.478700 102.642000 124.485000
105.359300 121.492900 103.879000 124.510000
106.566600 121.506800 105.090000 124.503000
107.712300 121.522900 106.255000 124.513000
108.911300 121.541200 107.457000 124.530000
110.201100 121.577900 108.761000 124.565000
111.604700 121.588900 110.173000 124.582000
113.111100 121.646100 111.667000 124.641000
114.746100 121.741200 113.221000 124.691000
116.446500 121.895800 114.814000 124.777000
118.138000 122.093600 116.469000 124.885000
119.834600 122.294500 118.134000 124.989000
121.618800 122.495700 119.862000 125.135000
123.350800 122.680300 121.538000 125.294000
125.177200 122.849700 123.332000 125.450000
127.119000 123.024800 125.222000 125.587000
129.205100 123.192500 127.275000 125.753000
131.488100 123.354200 129.497000 125.904000
133.968600 123.496400 131.961000 126.034000
136.626700 123.620000 134.583000 126.177000
139.457700 123.711900 137.335000 126.264000
142.441300 123.805300 140.316000 126.384000
145.577000 123.896500 143.393000 126.513000
148.852300 123.986500 146.603000 126.607000
152.251500 124.090100 149.954000 126.749000
155.781400 124.216100 153.429000 126.900000
159.406000 124.343600 157.047000 127.067000
163.059900 124.455000 160.639000 127.222000
166.713100 124.564300 164.239000 127.345000
170.370100 124.660500 167.863000 127.481000
174.004400 124.773700 171.454000 127.614000
177.639000 124.904900 175.051000 127.795000
181.240400 125.050700 178.580000 127.956000
184.840300 125.196400 182.116000 128.124000
188.425400 125.316200 185.682000 128.284000
191.975500 125.428700 189.155000 128.407000
195.514600 125.540600 192.641000 128.557000
199.016700 125.662600 196.082000 128.709000
202.368000 125.792200 199.374000 128.876000
205.552400 125.944700 202.531000 129.065000
208.520000 125.966100 205.548000 129.203000
211.195100 126.011200 208.396000 129.346000
213.740600 126.085500 211.078000 129.475000
216.169200 126.180800 213.588000 129.584000
218.453800 126.298200 215.909000 129.716000
220.564700 126.436200 218.026000 129.830000
222.459000 126.584500 219.932000 129.966000
224.142700 126.722900 221.638000 130.077000
225.713300 126.869500 223.202000 130.218000
227.254900 127.002300 224.781000 130.306000
228.818500 127.151400 226.340000 130.420000
230.292300 127.276900 227.784000 130.503000
231.799600 127.330400 229.325000 130.536000
233.298300 127.322600 230.826000 130.521000
234.773800 127.177300 232.326000 130.339000
236.243100 126.906800 233.845000 130.043000
237.716400 126.513200 235.325000 129.609000
239.341700 125.983500 236.797000 129.031000
240.912400 125.261400 238.207000 128.397000
242.361400 124.372500 239.605000 127.675000
243.737000 123.389100 240.999000 126.884000
244.978600 122.470600 242.228000 126.098000
246.047300 121.594800 243.295000 125.337000
246.970300 120.822500 244.235000 124.625000
247.715200 120.093300 245.011000 123.960000
248.409000 119.347100 245.715000 123.268000
249.014000 118.540200 246.381000 122.535000
249.575300 117.639500 246.968000 121.684000
250.006600 116.671600 247.443000 120.751000
250.396000 115.678400 247.888000 119.778000
250.579900 114.545100 248.154000 118.734000
250.675200 113.315900 248.312000 117.507000
250.605200 111.986300 248.312000 116.176000
250.352100 110.547100 248.128000 114.777000
249.821100 109.003400 247.665000 113.232000
249.012300 107.366100 246.935000 111.555000
247.989000 105.643600 246.032000 109.892000
246.756700 103.808100 244.924000 108.067000
245.342300 101.866300 243.601000 106.092000
243.863400 99.803190 242.215000 103.977000
242.297600 97.559650 240.759000 101.691000
240.673400 95.141790 239.254000 99.238900
238.996300 92.577200 237.672000 96.623700
237.239300 89.879750 235.985000 93.866700
235.457600 87.107550 234.240000 91.029400
233.636300 84.229290 232.491000 88.132000
231.789500 81.276460 230.650000 85.102000
229.913200 78.270540 228.763000 82.048500
227.984100 75.210720 226.865000 78.972600
226.013000 72.113510 224.954000 75.821900
224.001700 68.975670 223.000000 72.646600
221.979000 65.781380 221.059000 69.442800
219.946200 62.538060 219.089000 66.142400
217.911500 59.240120 217.148000 62.829300
215.924300 55.870750 215.149000 59.450700
213.919900 52.452090 213.163000 56.024600
211.896400 49.028240 211.150000 52.550900
209.894500 45.598980 209.186000 49.092000
207.873600 42.179560 207.192000 45.635200
205.863200 38.776910 205.179000 42.187800
203.870000 35.398840 203.170000 38.752900
201.883700 32.036640 201.223000 35.372100
199.914500 28.693670 199.287000 31.984700
197.946500 25.372380 197.360000 28.598900
195.954600 22.066200 195.413000 25.244800
193.897200 18.745540 193.398000 21.901600
191.799100 15.482780 191.354000 18.591100
189.613800 12.242400 189.217000 15.294300
187.362100 9.020703 187.031000 12.068600
185.069800 5.820528 184.777000 8.790960
182.718300 2.562608 182.504000 5.524430
180.411200 -0.641461 180.223000 2.256920
178.102600 -3.941489 177.957000 -1.057740
175.801700 -7.287785 175.697000 -4.394010
173.499700 -10.688210 173.426000 -7.837200
171.244500 -14.158130 171.204000 -11.298800
169.015800 -17.636940 168.995000 -14.812600
166.826700 -21.107050 166.774000 -18.304600
164.647800 -24.582290 164.764000 -21.804800
162.543200 -27.978870 162.666000 -25.245800
160.484800 -31.394360 160.670000 -28.773400
158.469300 -34.779590 158.711000 -32.186000
156.510100 -38.119930 156.815000 -35.586300
154.571600 -41.407690 154.932000 -38.927100
152.616500 -44.614830 153.040000 -42.222800
150.666400 -47.738900 151.154000 -45.388300
148.699500 -50.799280 149.237000 -48.516800
146.752100 -53.761310 147.333000 -51.529400
144.935000 -56.572190 145.566000 -54.368000
143.250700 -59.163700 143.929000 -56.966200
141.704100 -61.519290 142.414000 -59.351900
140.328400 -63.665190 141.031000 -61.533700
139.094700 -65.609550 139.752000 -63.493600
137.931500 -67.321300 138.573000 -65.198500
136.836900 -68.780780 137.452000 -66.665100
135.761100 -70.080930 136.332000 -67.940700
134.687800 -71.219810 135.210000 -69.021700
133.531900 -72.196310 134.038000 -69.954900
132.350000 -72.965480 132.821000 -70.691600
131.164200 -73.556120 131.627000 -71.247200
129.941300 -73.926520 130.425000 -71.563500
128.730500 -74.081380 129.208000 -71.682400
127.543500 -73.989950 128.062000 -71.667900
126.361600 -73.774610 126.894000 -71.437800
125.219200 -73.273460 125.806000 -71.023100
124.117200 -72.662560 124.745000 -70.437600
123.132600 -71.853140 123.792000 -69.720500
122.249000 -70.926530 122.947000 -68.848600
121.504700 -69.816110 122.211000 -67.828300
120.892000 -68.574640 121.582000 -66.641800
120.426000 -67.161960 121.156000 -65.363400
120.126200 -65.773440 120.808000 -64.002900
120.059800 -64.255150 120.740000 -62.600400
119.994000 -62.645130 120.584000 -61.033100
120.011900 -61.008350 120.542000 -59.464800
120.032000 -59.265570 120.512000 -57.763700
120.037100 -57.389330 120.463000 -55.924300
120.068700 -55.391900 120.415000 -53.947200
120.059900 -53.286170 120.333000 -51.812900
120.016500 -51.049430 120.235000 -49.564700
119.967800 -48.690160 120.134000 -47.175600
119.898000 -46.253430 120.025000 -44.707400
119.810500 -43.824770 119.887000 -42.281700
119.707000 -41.448750 119.749000 -39.900500
119.596100 -39.130380 119.588000 -37.568900
119.473100 -36.886650 119.449000 -35.314900
119.330900 -34.737840 119.281000 -33.165600
119.211600 -32.759170 119.154000 -31.162000
119.185500 -30.858500 119.063000 -29.260900
119.248500 -29.022070 119.121000 -27.425800
119.444900 -27.286220 119.263000 -25.681200
119.794700 -25.663360 119.609000 -23.991600
120.290900 -24.129100 120.066000 -22.424200
120.961800 -22.736800 120.664000 -21.004000
121.773800 -21.496170 121.439000 -19.720500
122.787400 -20.447360 122.430000 -18.593000
123.900300 -19.522270 123.564000 -17.579700
125.195800 -18.823640 124.818000 -16.871500
126.576300 -18.281690 126.223000 -16.326300
128.089400 -17.919210 127.753000 -15.870600
129.756400 -17.652390 129.336000 -15.632000
131.475000 -17.493910 131.024000 -15.430000
133.247700 -17.398990 132.782000 -15.277800
135.160400 -17.382930 134.670000 -15.215300
137.131900 -17.349230 136.603000 -15.129300
139.223600 -17.312350 138.667000 -15.033800
141.401600 -17.266330 140.832000 -14.916900
143.675700 -17.202950 143.081000 -14.771800
146.048700 -17.135380 145.405000 -14.636900
148.508500 -17.048080 147.835000 -14.488500
150.990600 -16.934160 150.321000 -14.310100
153.561700 -16.704790 152.827000 -14.127200
156.115200 -16.457470 155.374000 -13.940100
158.644000 -16.265990 157.923000 -13.797700
161.225400 -16.080140 160.439000 -13.726200
163.768900 -15.882270 162.944000 -13.527700
166.354300 -15.656250 165.520000 -13.311800
169.072800 -15.476320 168.220000 -13.143500
171.898600 -15.323780 171.061000 -12.986600
174.857900 -15.194600 174.051000 -12.829000
177.943800 -15.065510 177.181000 -12.638400
181.198800 -14.911470 180.431000 -12.462200
184.602100 -14.728000 183.824000 -12.265900
188.157200 -14.526430 187.406000 -12.034600
191.809200 -14.327760 191.032000 -11.826800
195.540500 -14.129460 194.736000 -11.558400
199.300600 -13.914860 198.440000 -11.279300
203.084000 -13.698500 202.180000 -11.041200
206.835400 -13.486220 205.938000 -10.788100
210.567400 -13.261170 209.576000 -10.540600
214.275100 -13.040850 213.239000 -10.294300
217.969000 -12.803840 216.901000 -10.021200
221.636900 -12.589720 220.556000 -9.764310
225.271800 -12.375510 224.155000 -9.536080
228.892500 -12.134410 227.744000 -9.246950
232.482800 -11.888170 231.291000 -8.976910
236.042800 -11.630620 234.851000 -8.658250
239.534600 -11.386560 238.318000 -8.376740
242.960600 -11.143310 241.716000 -8.105030
246.347000 -10.893620 245.092000 -7.778380
249.741900 -10.657750 248.385000 -7.507640
253.123000 -10.420800 251.798000 -7.208260
256.424600 -10.149990 255.132000 -6.900890
259.791800 -9.928854 258.496000 -6.650840
263.180700 -9.754307 261.879000 -6.425080
266.581600 -9.610196 265.293000 -6.220680
269.990000 -9.493875 268.725000 -6.017930
273.467000 -9.384676 272.176000 -5.823540
276.967700 -9.295177 275.663000 -5.661100
280.567300 -9.213785 279.252000 -5.525100
284.187100 -9.119377 282.868000 -5.368890
287.858800 -9.026184 286.487000 -5.182390
291.578800 -8.960491 290.214000 -5.005400
295.372100 -8.885138 294.021000 -4.854840
299.240500 -8.797458 297.856000 -4.695450
303.121100 -8.677384 301.704000 -4.522010
307.000900 -8.560026 305.531000 -4.338340
310.901600 -8.459902 309.417000 -4.163090
314.822600 -8.358055 313.299000 -3.999280
318.759100 -8.259225 317.206000 -3.821470
322.704100 -8.182647 321.126000 -3.653110
326.661300 -8.137583 325.036000 -3.536490
330.584600 -8.090197 328.941000 -3.390290
334.510400 -8.042416 332.832000 -3.298360
338.410700 -7.982895 336.722000 -3.145330
342.314900 -7.938297 340.616000 -3.022760
346.201000 -7.872775 344.475000 -2.879420
350.084300 -7.800171 348.354000 -2.731870
353.947900 -7.720007 352.194000 -2.561330
357.805100 -7.631505 356.035000 -2.393420
361.650100 -7.543636 359.854000 -2.228580
365.426100 -7.467905 363.626000 -2.090800
369.108800 -7.406638 367.299000 -1.950460
372.667100 -7.336596 370.856000 -1.813340
376.123700 -7.260279 374.299000 -1.669180
379.441500 -7.167999 377.623000 -1.511320
382.590300 -7.090530 380.766000 -1.373050
385.618500 -7.021768 383.782000 -1.243040
388.515000 -6.962475 386.683000 -1.125470
391.249900 -6.929182 389.418000 -1.031200
393.781600 -6.910891 391.959000 -0.954343
396.121800 -6.903056 394.283000 -0.891283
398.278600 -6.907251 396.447000 -0.838942
400.239200 -6.921814 398.397000 -0.794275
401.985500 -6.941202 400.168000 -0.747219
403.580800 -6.947578 401.784000 -0.715429
405.064500 -6.914261 403.272000 -0.615037
406.535200 -6.742628 404.711000 -0.369320
407.942700 -6.339467 406.097000 0.079780
409.205300 -5.670570 407.314000 0.789930
410.121100 -4.778724 408.293000 1.703830
410.902100 -3.696556 409.022000 2.830370
411.421500 -2.439655 409.516000 4.144430
411.697200 -1.056390 409.715000 5.523510
411.440400 0.647155 409.694000 7.029690
410.646700 2.531288 409.489000 8.573510
409.871600 4.332957 409.224000 10.312300
409.159300 6.264959 408.856000 12.213000
408.495600 8.320266 408.386000 14.318500
407.870800 10.584430 407.851000 16.615800
407.287000 12.967770 407.275000 19.073600
406.645900 15.519340 406.689000 21.723700
405.992300 18.213680 406.021000 24.498300
405.328600 21.022050 405.348000 27.325100
404.672000 23.923740 404.632000 30.283800
404.005000 26.886730 403.938000 33.284200
403.296400 29.894950 403.206000 36.361800
402.631500 32.925890 402.518000 39.368900
401.970100 36.024990 401.796000 42.446400
401.301300 39.134170 401.071000 45.557200
400.612300 42.269980 400.320000 48.652000
399.928400 45.387390 399.578000 51.740100
399.226700 48.512130 398.797000 54.804700
398.495700 51.601000 398.011000 57.856200
397.812600 54.635930 397.259000 60.872700
397.164000 57.661080 396.569000 63.886400
396.470400 60.662640 395.823000 66.880200
395.783600 63.638800 395.082000 69.860900
395.124100 66.588990 394.362000 72.763400
394.439900 69.506410 393.642000 75.667200
393.770800 72.413320 392.958000 78.525500
393.115400 75.269210 392.253000 81.408800
392.385600 78.113960 391.522000 84.254800
391.688800 80.953690 390.820000 87.098400
391.013400 83.817970 390.122000 89.943000
390.342400 86.652840 389.441000 92.807700
389.701900 89.503280 388.770000 95.635500
389.107700 92.367240 388.142000 98.498300
388.539700 95.226450 387.537000 101.326000
388.035500 98.095140 386.997000 104.130000
387.598600 100.964700 386.500000 106.951000
387.184900 103.781000 386.034000 109.717000
386.797300 106.558900 385.599000 112.459000
386.432900 109.329000 385.170000 115.175000
386.037700 112.049100 384.735000 117.860000
385.583500 114.778100 384.230000 120.601000
385.088600 117.562300 383.672000 123.350000
384.557300 120.393300 383.106000 126.175000
383.982700 123.334400 382.477000 129.110000
383.371000 126.343500 381.816000 132.103000
382.724200 129.437800 381.124000 135.203000
382.100400 132.650300 380.423000 138.431000
381.459400 135.974200 379.751000 141.685000
380.823200 139.301200 379.073000 144.995000
380.171900 142.673600 378.379000 148.354000
379.482800 146.067200 377.665000 151.797000
378.829000 149.456500 376.940000 155.187000
378.168100 152.845700 376.240000 158.592000
377.494100 156.216700 375.518000 161.964000
376.807100 159.590700 374.796000 165.333000
376.114800 162.931100 374.045000 168.687000
375.416500 166.236000 373.324000 171.942000
374.725300 169.519900 372.580000 175.198000
374.043500 172.763200 371.839000 178.435000
373.351800 175.985500 371.135000 181.635000
372.702300 179.156600 370.478000 184.800000
372.055000 182.280100 369.838000 187.910000
371.443100 185.309400 369.178000 190.915000
370.850400 188.227000 368.574000 193.813000
370.277200 191.106200 367.947000 196.654000
369.694300 193.929900 367.337000 199.462000
369.125700 196.699400 366.753000 202.206000
368.542600 199.381300 366.177000 204.842000
367.950700 201.966300 365.604000 207.410000
367.438400 204.431600 365.086000 209.863000
366.933900 206.765400 364.540000 212.210000
366.438800 208.970800 364.028000 214.379000
365.990700 210.977400 363.555000 216.391000
365.558400 212.821000 363.115000 218.229000
365.161700 214.437300 362.693000 219.846000
364.823000 215.815300 362.361000 221.229000
364.519100 216.998400 362.044000 222.421000
364.237500 218.003300 361.767000 223.441000
363.968700 218.923500 361.509000 224.374000
363.699600 219.841600 361.242000 225.286000
363.423400 220.760700 360.991000 226.213000
363.115400 221.785600 360.695000 227.260000
362.756300 222.967600 360.341000 228.442000
362.375500 224.323400 359.969000 229.791000
361.944100 225.840600 359.558000 231.330000
361.497800 227.502400 359.120000 233.010000
361.050100 229.295300 358.691000 234.820000
360.596300 231.153500 358.256000 236.683000
360.150500 233.017000 357.841000 238.595000
359.679600 234.867300 357.393000 240.443000
359.148100 236.684300 356.860000 242.247000
358.585900 238.433700 356.236000 243.993000
357.940400 240.053300 355.493000 245.577000
357.232200 241.533700 354.585000 247.044000
356.273600 242.841900 353.533000 248.330000
355.088100 244.044900 352.286000 249.513000
353.777000 244.991100 350.887000 250.472000
352.292300 245.709300 349.354000 251.219000
350.715900 246.124200 347.783000 251.780000
349.110600 246.350100 346.202000 252.114000
347.407900 246.378000 344.445000 252.240000
345.699200 246.242900 342.720000 252.155000
344.000100 245.848600 341.004000 251.828000
342.303800 245.152200 339.336000 251.223000
340.772200 244.160500 337.753000 250.303000
339.421900 242.937500 336.334000 249.117000
338.194100 241.505200 335.061000 247.712000
337.002600 239.923100 333.817000 246.131000
335.822600 238.182300 332.554000 244.381000
334.550700 236.308600 331.233000 242.459000
333.148900 234.286400 329.839000 240.426000
331.688100 232.128300 328.322000 238.242000
330.170800 229.837100 326.767000 235.887000
328.542000 227.411400 325.109000 233.398000
326.844100 224.834600 323.397000 230.764000
325.018800 222.135200 321.579000 227.949000
323.121200 219.299300 319.694000 225.091000
321.160200 216.373200 317.793000 222.136000
319.160500 213.362100 315.819000 219.076000
317.115300 210.341000 313.808000 216.028000
315.039000 207.280700 311.781000 212.927000
312.972900 204.232300 309.769000 209.824000
310.858500 201.149000 307.724000 206.686000
308.762500 198.052600 305.676000 203.562000
306.680500 194.966700 303.619000 200.435000
304.595100 191.872000 301.614000 197.295000
302.526100 188.777800 299.602000 194.201000
300.420400 185.695500 297.583000 191.048000
298.328300 182.605200 295.590000 187.953000
296.255800 179.470700 293.586000 184.852000
294.160000 176.289800 291.537000 181.647000
292.038500 173.061200 289.498000 178.407000
289.901500 169.812200 287.429000 175.089000
287.768700 166.506100 285.348000 171.755000
285.663300 163.131700 283.279000 168.350000
283.636000 159.771000 281.232000 164.918000
281.606900 156.405900 279.225000 161.488000
279.627100 153.069800 277.218000 158.113000
277.685800 149.802700 275.263000 154.790000
275.809300 146.654800 273.420000 151.592000
274.032400 143.673800 271.676000 148.549000
272.358500 140.859000 270.020000 145.719000
270.778100 138.195100 268.480000 143.005000
269.296400 135.716400 267.032000 140.453000
267.907300 133.458500 265.638000 138.118000
266.600100 131.430300 264.341000 136.043000
265.341700 129.613700 263.085000 134.154000
264.089800 127.928100 261.866000 132.415000
262.787100 126.310600 260.483000 130.712000
261.418900 124.777400 259.101000 129.121000
260.039700 123.296400 257.730000 127.599000
258.612200 121.804500 256.296000 126.014000
257.136600 120.281500 254.867000 124.457000
255.697200 118.728200 253.472000 122.913000
254.315900 117.134700 252.165000 121.329000
253.054200 115.489600 250.942000 119.719000
251.845700 113.829200 249.762000 118.028000
250.685700 112.146600 248.649000 116.285000
249.587200 110.454300 247.612000 114.581000
248.512100 108.754200 246.553000 112.905000
247.464000 107.095400 245.513000 111.195000
246.415900 105.450300 244.458000 109.543000
245.375600 103.806500 243.407000 107.878000
244.374200 102.146000 242.376000 106.194000
243.325100 100.401800 241.430000 104.491000
242.193600 98.503010 240.308000 102.528000
241.005800 96.471540 239.158000 100.459000
239.748600 94.286020 237.907000 98.105300
238.409100 91.953160 236.556000 95.739600
236.991100 89.488280 235.059000 93.260600
235.465700 86.914240 233.585000 90.643600
233.863100 84.231790 232.032000 87.853200
232.213600 81.490540 230.417000 85.085900
230.524800 78.686690 228.779000 82.252700
228.803200 75.808460 227.061000 79.436800
227.052400 72.864590 225.354000 76.458600
225.291200 69.833620 223.509000 73.396000
223.547100 66.745820 221.711000 70.305900
221.768700 63.631450 219.864000 67.124400
219.964800 60.498650 218.032000 63.931000
218.179800 57.405760 216.187000 60.839100
216.380900 54.318620 214.379000 57.754200
214.587800 51.228000 212.530000 54.618100
212.801700 48.132730 210.685000 51.447400
210.994400 45.026210 208.852000 48.312000
209.125100 41.934920 207.042000 45.203900
207.272000 38.827630 205.168000 42.066800
205.426000 35.717030 203.269000 38.851000
203.582800 32.599520 201.421000 35.694400
201.753000 29.489020 199.577000 32.557500
199.946600 26.396960 197.773000 29.428100
198.142900 23.325240 195.931000 26.367100
196.329300 20.270450 194.109000 23.293500
194.436100 17.260350 192.260000 20.231000
192.460600 14.274050 190.345000 17.197800
190.443400 11.340620 188.391000 14.214100
188.384100 8.430049 186.379000 11.269200
186.259700 5.538579 184.327000 8.314020
184.083400 2.611990 182.301000 5.380170
181.927100 -0.351089 180.200000 2.383260
179.780900 -3.383111 178.130000 -0.681321
177.645600 -6.471750 176.037000 -3.808130
175.522300 -9.616586 173.984000 -6.961270
173.442700 -12.808620 171.933000 -10.192000
171.405600 -16.017080 169.915000 -13.403500
169.403000 -19.219830 167.896000 -16.637700
167.432200 -22.447430 165.963000 -19.837500
165.492900 -25.650690 164.142000 -23.052100
163.580900 -28.844910 162.239000 -26.291800
161.713000 -32.036210 160.400000 -29.502300
159.874700 -35.223340 158.596000 -32.709600
158.065900 -38.383340 156.816000 -35.887500
156.262100 -41.492300 155.054000 -39.017300
154.442700 -44.533030 153.284000 -42.093000
152.614900 -47.493090 151.491000 -45.075400
150.775900 -50.407900 149.698000 -47.961000
148.951900 -53.241640 147.896000 -50.869300
147.210700 -55.941900 146.183000 -53.591100
145.589900 -58.436780 144.604000 -56.066800
144.065000 -60.768250 143.123000 -58.433800
142.664700 -62.895830 141.743000 -60.544500
141.337700 -64.878300 140.444000 -62.569800
140.086200 -66.671290 139.226000 -64.379200
138.908100 -68.226870 138.067000 -65.952000
137.749700 -69.633080 136.897000 -67.380700
136.595900 -70.857400 135.743000 -68.641100
135.426400 -71.898130 134.565000 -69.718400
134.235900 -72.767740 133.378000 -70.591100
133.001400 -73.429820 132.198000 -71.268800
131.714500 -73.878870 130.928000 -71.693000
130.422100 -74.102280 129.668000 -71.919300
129.148300 -74.101150 128.453000 -71.955500
127.939100 -73.868210 127.304000 -71.746200
126.745800 -73.485200 126.210000 -71.413400
125.663500 -72.855950 125.199000 -70.822000
124.646700 -72.121640 124.228000 -70.207300
123.782400 -71.187190 123.388000 -69.330500
123.077900 -70.186630 122.712000 -68.457800
122.530800 -69.058890 122.154000 -67.450900
122.072300 -67.858780 121.693000 -66.342100
121.764100 -66.566750 121.383000 -65.162800
121.549400 -65.338760 121.163000 -64.040000
121.451400 -64.048140 121.037000 -62.817600
121.372200 -62.688970 120.923000 -61.539000
121.354500 -61.279030 120.837000 -60.179100
121.409400 -59.723280 120.789000 -58.651000
121.471900 -58.004930 120.765000 -56.966700
121.494200 -56.129800 120.695000 -55.113900
121.511100 -54.101040 120.649000 -53.074100
121.514400 -51.931720 120.553000 -50.886900
121.482900 -49.626320 120.461000 -48.568700
121.455600 -47.294310 120.374000 -46.225600
121.412500 -44.960440 120.262000 -43.907200
121.366000 -42.607880 120.171000 -41.545400
121.367900 -40.315440 120.069000 -39.226400
121.385400 -38.094780 119.988000 -36.978600
121.391200 -35.972240 119.935000 -34.823800
121.376100 -33.968160 119.852000 -32.803700
121.361900 -32.123840 119.792000 -30.948100
121.375800 -30.339310 119.766000 -29.178300
121.425800 -28.725970 119.766000 -27.493600
121.540000 -27.294500 119.817000 -25.975300
121.641100 -25.993380 119.849000 -24.646100
121.751800 -24.780850 119.896000 -23.387500
121.798500 -23.611340 119.865000 -22.219200
121.831500 -22.490000 119.769000 -21.091600
121.711500 -21.399630 119.527000 -20.006200
121.487000 -20.273800 119.215000 -18.863100
121.085100 -19.129260 118.724000 -17.736900
120.473500 -18.005200 118.065000 -16.615800
119.675100 -16.932060 117.177000 -15.514100
118.652800 -15.937270 116.068000 -14.531500
117.374900 -15.159800 114.759000 -13.736700
115.927700 -14.640460 113.324000 -13.155100
114.359300 -14.360240 111.822000 -12.793400
112.687100 -14.252960 110.167000 -12.607100
110.965400 -14.222120 108.530000 -12.455900
109.216000 -14.274370 106.797000 -12.372400
107.452900 -14.409080 105.078000 -12.397200
105.720900 -14.590170 103.367000 -12.512900
103.956000 -14.786090 101.593000 -12.661400
102.284800 -14.988850 99.924600 -12.862200
100.569800 -15.212930 98.229400 -13.061200
98.845240 -15.478070 96.498300 -13.294600
97.067770 -15.724930 94.728800 -13.485400
95.179440 -16.020350 92.837600 -13.748600
93.157110 -16.307550 90.802100 -13.996500
90.990650 -16.567650 88.659800 -14.239000
88.650860 -16.800050 86.312500 -14.454300
86.142180 -17.012200 83.815700 -14.667100
83.457390 -17.199560 81.139800 -14.857300
80.605320 -17.382650 78.271600 -15.038400
77.627720 -17.542290 75.291400 -15.213100
74.583390 -17.702840 72.215000 -15.363000
71.537910 -17.830560 69.173300 -15.510900
68.471480 -17.953150 66.091700 -15.614700
65.413160 -18.066110 63.045500 -15.748100
62.363270 -18.189440 59.994000 -15.875900
59.318760 -18.316470 56.939000 -15.994800
56.286590 -18.425330 53.900100 -16.130500
53.260340 -18.540950 50.890500 -16.253300
50.238630 -18.642970 47.875000 -16.371900
47.232270 -18.749570 44.847600 -16.507200
44.227950 -18.843080 41.848800 -16.628700
41.249050 -18.941760 38.865000 -16.741100
38.354700 -19.035960 35.976300 -16.867600
35.536350 -19.134530 33.173100 -16.998500
32.826490 -19.226770 30.455900 -17.123200
30.183360 -19.317170 27.831600 -17.258000
27.702730 -19.402750 25.323200 -17.372100
25.336840 -19.474870 22.984500 -17.489300
23.088760 -19.559530 20.739600 -17.608700
20.966440 -19.618150 18.623900 -17.724400
18.994720 -19.689460 16.640500 -17.823500
17.151170 -19.737070 14.786800 -17.922700
15.368690 -19.774120 13.000400 -18.012600
13.671950 -19.765730 11.292500 -18.044000
12.054130 -19.678670 9.636260 -17.957100
10.533350 -19.452210 8.140430 -17.755600
9.091877 -19.052750 6.703060 -17.394400
7.761308 -18.430870 5.350130 -16.825100
6.521290 -17.657460 4.066410 -16.055200
5.398611 -16.734020 2.958570 -15.175600
4.460524 -15.651510 2.002360 -14.109300
3.703515 -14.430580 1.176420 -12.826900
3.167359 -13.075930 0.653128 -11.506200
2.813794 -11.603870 0.268859 -9.994470
2.647295 -10.086100 0.072559 -8.434860
2.555490 -8.543555 -0.030889 -6.890940
2.546940 -6.966289 -0.062309 -5.289920
2.558616 -5.357767 -0.064200 -3.659750
2.553687 -3.640695 -0.089003 -1.887750
2.525769 -1.918882 -0.122855 -0.185055
2.502574 -0.092090 -0.180446 1.648570
2.498063 1.893763 -0.254186 3.639070
2.542018 3.980091 -0.331569 5.712980
2.556784 6.203564 -0.392695 7.935970
2.559305 8.564910 -0.448897 10.301400
2.556634 11.072330 -0.519272 12.787200
2.676428 13.668570 -0.581568 15.332400
2.696261 16.300140 -0.650930 17.836500
2.598714 18.844590 -0.718063 20.317200
2.511628 21.353750 -0.796343 22.798500
2.480420 23.843650 -0.872009 25.250700
2.474251 26.274850 -0.971992 27.658900
2.446000 28.674670 -1.041700 30.054800
2.363953 31.054950 -1.109190 32.427700
2.285033 33.441130 -1.185770 34.806400
2.204686 35.835580 -1.245910 37.182300
2.113542 38.231420 -1.304550 39.554300
2.027070 40.573290 -1.385650 41.884800
1.971979 42.808630 -1.484690 44.106700
1.941448 44.908670 -1.547340 46.185400
1.926792 46.858830 -1.590040 48.118500
1.928331 48.774500 -1.602300 50.033900
1.914236 50.666150 -1.612810 51.934000
1.875427 52.551580 -1.665040 53.790100
1.761742 54.507630 -1.757030 55.728600
1.557115 56.598840 -1.962380 57.787700
1.261696 58.800850 -2.255010 59.964600
0.872914 61.128830 -2.609090 62.259800
0.458849 63.534970 -3.030000 64.656600
0.074766 65.992510 -3.405700 67.115800
-0.256151 68.520160 -3.728840 69.661400
-0.481355 71.154020 -3.949690 72.276300
-0.600769 73.928460 -4.062210 75.049600
-0.607032 76.840700 -4.078530 77.956100
-0.556025 79.901010 -4.036110 81.025600
-0.512760 83.120480 -4.005260 84.218800
-0.469489 86.470330 -3.993280 87.558500
-0.454038 89.841810 -4.002390 90.922700
-0.490142 93.203770 -4.062630 94.269800
-0.541623 96.542460 -4.141900 97.602200
-0.627401 99.866780 -4.244510 100.908000
-0.723911 103.124200 -4.334600 104.152000
-0.810807 106.234600 -4.428480 107.299000
-0.918861 109.200700 -4.516660 110.231000
-1.028079 112.020800 -4.600720 113.052000
-1.147831 114.734200 -4.699120 115.770000
-1.284349 117.310900 -4.788970 118.338000
-1.418667 119.805300 -4.903540 120.865000
-1.564907 122.210500 -5.010250 123.231000
-1.703918 124.531900 -5.125740 125.536000
-1.811411 126.744000 -5.212330 127.728000
-1.904011 128.805500 -5.270020 129.806000
-1.949024 130.748700 -5.316250 131.763000
-1.940650 132.557600 -5.309510 133.577000
-1.910437 134.179700 -5.282080 135.229000
-1.863413 135.603700 -5.221810 136.656000
-1.806499 136.887200 -5.178630 137.921000
-1.748356 138.077600 -5.142390 139.085000
-1.641481 139.226200 -5.028220 140.259000
-1.649451 140.386900 -5.031410 141.413000
-1.619332 141.516300 -5.027210 142.505000
-1.717795 142.703100 -5.167250 143.690000
-1.922553 143.954100 -5.378910 144.896000
-2.334189 145.212200 -5.782020 146.142000
-2.948349 146.458400 -6.333160 147.358000
-3.802366 147.610600 -7.095640 148.510000
-4.852746 148.625600 -8.133980 149.564000
-6.030832 149.485100 -9.159530 150.381000
-7.326205 150.149800 -10.358000 151.070000
-8.684173 150.699100 -11.634000 151.658000
-10.070630 151.182400 -12.948900 152.190000
-11.479300 151.603000 -14.343400 152.678000
-12.925530 152.007800 -15.731700 153.124000
-14.356090 152.411700 -17.177100 153.594000
-15.761030 152.806900 -18.583600 154.034000
-17.237650 153.282700 -20.059300 154.537000
-18.848790 153.819300 -21.638600 155.051000
-20.689470 154.488700 -23.446300 155.708000
-22.673560 155.229700 -25.493700 156.440000
-24.910150 156.059400 -27.727300 157.255000
-27.348120 156.971400 -30.177700 158.130000
-29.962270 157.942400 -32.810600 159.058000
-32.721840 158.931800 -35.579400 160.024000
-35.669080 159.901000 -38.506400 161.004000
-38.759070 160.873900 -41.525300 161.962000
-41.956710 161.857700 -44.693300 162.938000
-45.235700 162.821800 -47.950100 163.870000
-48.546420 163.759000 -51.236700 164.766000
-51.832980 164.762500 -54.513900 165.634000
-55.110690 165.733600 -57.818000 166.492000
-58.363590 166.671200 -61.109100 167.319000
-61.607200 167.571100 -64.398400 168.118000
-64.860170 168.408800 -67.684700 168.870000
-68.119760 169.177500 -70.950600 169.533000
-71.368730 169.871800 -74.212400 170.131000
-74.593410 170.498100 -77.479700 170.706000
-77.790480 171.055600 -80.722900 171.188000
-80.971760 171.551300 -83.940100 171.623000
-84.146100 171.997000 -87.142200 172.007000
-87.318580 172.385500 -90.353000 172.347000
-90.481380 172.687300 -93.564300 172.579000
-93.632430 172.939200 -96.721100 172.777000
-96.761790 173.156100 -99.893000 172.940000
-99.822120 173.361500 -102.970000 173.092000
-102.827200 173.581500 -105.992000 173.251000
-105.763400 173.795900 -108.938000 173.424000
-108.603400 173.947000 -111.791000 173.605000
-111.294200 174.115400 -114.523000 173.781000
-113.803500 174.265200 -117.041000 173.910000
-116.107000 174.386700 -119.350000 174.006000
-118.175500 174.481600 -121.465000 174.084000
-120.009900 174.552000 -123.337000 174.136000
-121.643700 174.625400 -124.993000 174.191000
-123.130800 174.677300 -126.505000 174.227000
-124.486500 174.744900 -127.885000 174.258000
-125.866300 174.820400 -129.325000 174.330000
-127.240000 174.887600 -130.706000 174.391000
-128.485200 174.932000 -131.996000 174.388000
-129.729200 174.935800 -133.261000 174.377000
-130.990100 174.901800 -134.579000 174.323000
-132.300100 174.842900 -135.896000 174.247000
-133.629600 174.752900 -137.227000 174.139000
-135.023400 174.665500 -138.633000 174.019000
-136.496500 174.557400 -140.133000 173.891000
-138.064000 174.455800 -141.711000 173.736000
-139.764300 174.331300 -143.423000 173.597000
-141.694400 174.184200 -145.303000 173.410000
-143.824600 173.970900 -147.394000 173.196000
-146.264800 173.732800 -149.642000 172.989000
-148.821800 173.533500 -152.132000 172.749000
-151.528900 173.359600 -154.775000 172.500000
-154.449500 173.191300 -157.617000 172.283000
-157.505100 173.059500 -160.649000 172.121000
-160.654600 172.985300 -163.750000 171.952000
-163.868200 172.889200 -166.953000 171.763000
-167.147600 172.823100 -170.251000 171.623000
-170.490500 172.747700 -173.615000 171.453000
-173.873800 172.668600 -177.006000 171.298000
-177.319000 172.585700 -180.472000 171.120000
-180.845600 172.443500 -183.943000 170.922000
-184.320100 172.331400 -187.468000 170.732000
-187.833400 172.242200 -190.969000 170.590000
-191.311200 172.143900 -194.473000 170.427000
-194.772400 172.064600 -197.934000 170.278000
-198.219400 171.971200 -201.344000 170.118000
-201.655800 171.906600 -204.801000 169.980000
-205.081100 171.814200 -208.207000 169.827000
-208.506800 171.712900 -211.630000 169.662000
-211.943900 171.631500 -215.076000 169.528000
-215.364900 171.541900 -218.478000 169.361000
-218.763600 171.477700 -221.884000 169.249000
-222.122600 171.404500 -225.255000 169.106000
-225.468100 171.337200 -228.589000 168.983000
-228.762800 171.267000 -231.870000 168.840000
-232.022200 171.205300 -235.139000 168.722000
-235.176700 171.154200 -238.283000 168.609000
-238.224900 171.088900 -241.347000 168.473000
-241.098300 171.038600 -244.239000 168.361000
-243.868600 170.999700 -247.006000 168.280000
-246.516700 170.954900 -249.650000 168.181000
-249.054800 170.888400 -252.172000 168.054000
-251.453700 170.825800 -254.575000 167.930000
-253.672200 170.789500 -256.801000 167.840000
-255.727100 170.782100 -258.865000 167.777000
-257.603000 170.807800 -260.734000 167.759000
-259.306800 170.855800 -262.455000 167.754000
-260.816800 170.919300 -263.976000 167.771000
-262.186600 171.005600 -265.356000 167.812000
-263.402500 171.052300 -266.595000 167.817000
-264.488500 171.086200 -267.689000 167.810000
-265.552600 171.060500 -268.744000 167.745000
-266.553800 170.935000 -269.755000 167.560000
-267.525500 170.698500 -270.735000 167.301000
-268.571200 170.354000 -271.744000 166.908000
-269.630100 169.855800 -272.777000 166.362000
-270.719700 169.218600 -273.838000 165.689000
-271.812000 168.329900 -274.867000 164.801000
-272.891800 166.965100 -275.958000 163.744000
-273.877400 165.393800 -277.063000 162.421000
-274.754200 163.638300 -278.114000 160.875000
-275.598500 161.709000 -279.101000 159.117000
-276.353000 159.610600 -279.973000 157.108000
-277.032100 157.315400 -280.690000 154.941000
-277.568600 154.894700 -281.265000 152.561000
-277.997000 152.336700 -281.715000 150.030000
-278.284300 149.741600 -282.042000 147.401000
-278.364000 147.064900 -282.171000 144.650000
-278.357200 144.240200 -282.176000 141.785000
-278.329900 141.360000 -282.137000 138.829000
-278.314800 138.360100 -282.061000 135.797000
-278.227300 135.235400 -281.963000 132.657000
-278.144600 132.011100 -281.826000 129.449000
-278.038500 128.669800 -281.690000 126.091000
-277.925100 125.243300 -281.562000 122.672000
-277.804700 121.701100 -281.433000 119.137000
-277.674900 118.060800 -281.295000 115.464000
-277.539400 114.306100 -281.132000 111.714000
-277.411100 110.481900 -280.969000 107.886000
-277.263800 106.590500 -280.801000 104.008000
-277.061400 102.672100 -280.637000 100.072000
-276.895000 98.801830 -280.453000 96.160500
-276.773500 94.942730 -280.292000 92.283700
-276.667600 91.111230 -280.126000 88.480400
-276.532100 87.308370 -279.965000 84.672700
-276.402700 83.524000 -279.793000 80.885000
-276.280200 79.775300 -279.627000 77.144500
-276.168900 76.042830 -279.473000 73.385900
-276.044300 72.342100 -279.269000 69.657300
-275.938200 68.665960 -279.104000 65.966100
-275.844900 65.070000 -278.919000 62.333200
-275.764800 61.622260 -278.746000 58.915700
-275.693600 58.370190 -278.597000 55.618000
-275.622500 55.308540 -278.494000 52.570500
-275.592700 52.448470 -278.413000 49.690200
-275.605200 49.650620 -278.354000 46.852300
-275.625700 46.872600 -278.348000 44.069300
-275.620100 44.110230 -278.306000 41.296900
-275.568000 41.322260 -278.147000 38.494500
-275.464100 38.484220 -277.979000 35.639500
-275.340500 35.568490 -277.760000 32.772400
-275.220200 32.604400 -277.579000 29.802400
-275.084000 29.566390 -277.376000 26.751100
-274.979100 26.474110 -277.194000 23.614700
-274.897600 23.312220 -277.006000 20.450300
-274.817500 20.095650 -276.836000 17.219700
-274.759700 16.848750 -276.704000 13.925900
-274.695000 13.620660 -276.584000 10.682800
-274.628700 10.408410 -276.420000 7.462780
-274.550300 7.230932 -276.267000 4.252270
-274.485200 4.121963 -276.113000 1.137690
-274.427700 1.124479 -275.995000 -1.865390
-274.366400 -1.688908 -275.845000 -4.715470
-274.313500 -4.403388 -275.722000 -7.410150
-274.232400 -6.982339 -275.577000 -10.018500
-274.104500 -9.436641 -275.415000 -12.498100
-273.984300 -11.717680 -275.277000 -14.810700
-273.870700 -13.781190 -275.131000 -16.893700
-273.757900 -15.633770 -274.991000 -18.768000
-273.615400 -17.226800 -274.817000 -20.331300
-273.459400 -18.645410 -274.624000 -21.727700
-273.196700 -19.976780 -274.321000 -23.064500
-272.770800 -21.281770 -273.872000 -24.305100
-272.253500 -22.453800 -273.256000 -25.407300
-271.569100 -23.529420 -272.517000 -26.431800
-270.631800 -24.532450 -271.576000 -27.415500
-269.516300 -25.411370 -270.421000 -28.324700
-268.260700 -26.133560 -269.150000 -29.061700
-266.796100 -26.725020 -267.630000 -29.659800
-265.143200 -27.121690 -265.910000 -30.130900
-263.266400 -27.313880 -264.058000 -30.359500
-261.290500 -27.349350 -262.068000 -30.439400
-259.166600 -27.268060 -259.920000 -30.438000
-256.888400 -27.105720 -257.629000 -30.317800
-254.518700 -26.925260 -255.194000 -30.163000
-252.038600 -26.785060 -252.656000 -30.041600
-249.423000 -26.649670 -249.994000 -29.883900
-246.635400 -26.531570 -247.191000 -29.757600
-243.730600 -26.392410 -244.266000 -29.598000
-240.709300 -26.266140 -241.265000 -29.445100
-237.582100 -26.135960 -238.113000 -29.294000
-234.333000 -26.002670 -234.853000 -29.125200
-230.982100 -25.868990 -231.506000 -28.957500
-227.581200 -25.740370 -228.106000 -28.766900
-224.100000 -25.603850 -224.611000 -28.541700
-220.506400 -25.434870 -221.057000 -28.302100
-216.849200 -25.232450 -217.458000 -28.019500
-213.134900 -25.018970 -213.804000 -27.728300
-209.397000 -24.785150 -210.091000 -27.431200
-205.658100 -24.537800 -206.396000 -27.128800
-201.961200 -24.312270 -202.719000 -26.841900
-198.293200 -24.121910 -199.040000 -26.595300
-194.660500 -23.964390 -195.468000 -26.379400
-191.056400 -23.860770 -191.876000 -26.211400
-187.496200 -23.815980 -188.312000 -26.118900
-183.977500 -23.829720 -184.761000 -26.064800
-180.502600 -23.889460 -181.353000 -26.091800
-177.064100 -23.975400 -177.944000 -26.138800
-173.650400 -24.058660 -174.568000 -26.186600
-170.294900 -24.112500 -171.231000 -26.196800
-166.994300 -24.189750 -167.894000 -26.182900
-163.763900 -24.234980 -164.671000 -26.142700
-160.660600 -24.215510 -161.587000 -26.072000
-157.713700 -24.162100 -158.632000 -25.983200
-154.922000 -24.034360 -155.845000 -25.871800
-152.271700 -23.917690 -153.207000 -25.750100
-149.775800 -23.827120 -150.716000 -25.627500
-147.391000 -23.729260 -148.331000 -25.500200
-145.041700 -23.625680 -145.965000 -25.379000
-142.747400 -23.604340 -143.639000 -25.309700
-140.473700 -23.638190 -141.319000 -25.286600
-138.139700 -23.691140 -139.002000 -25.288500
-135.713200 -23.730110 -136.563000 -25.270700
-133.168500 -23.748180 -134.028000 -25.250500
-130.524400 -23.770530 -131.382000 -25.217600
-127.738800 -23.753030 -128.630000 -25.169300
-124.831500 -23.698760 -125.761000 -25.059900
-121.822000 -23.627840 -122.764000 -24.938600
-118.736500 -23.548920 -119.706000 -24.794800
-115.592400 -23.458270 -116.586000 -24.646400
-112.385700 -23.348480 -113.366000 -24.483900
-109.123200 -23.225630 -110.107000 -24.313000
-105.770400 -23.108040 -106.759000 -24.131800
-102.327100 -22.999710 -103.322000 -23.970000
-98.806350 -22.886230 -99.862600 -23.848100
-95.222520 -22.778460 -96.280300 -23.668300
-91.533100 -22.663410 -92.594200 -23.530200
-87.758250 -22.532740 -88.845400 -23.374200
-83.892540 -22.400390 -85.000000 -23.216500
-79.943880 -22.272170 -81.044900 -23.049800
-75.925610 -22.141000 -77.071700 -22.889100
-71.949980 -22.008040 -73.115200 -22.708600
-67.942560 -21.871240 -69.103700 -22.569100
-63.981600 -21.730110 -65.161100 -22.401000
-60.068460 -21.596790 -61.254600 -22.251400
-56.194460 -21.460830 -57.383300 -22.083300
-52.360360 -21.329240 -53.569100 -21.951600
-48.571570 -21.174170 -49.802400 -21.784700
-44.868200 -21.003660 -46.097700 -21.585000
-41.263020 -20.812920 -42.519600 -21.386700
-37.787080 -20.590030 -39.041200 -21.156800
-34.512860 -20.367000 -35.755500 -20.927300
-31.369710 -20.134310 -32.640000 -20.687900
-28.362780 -19.890960 -29.641200 -20.482700
-25.524560 -19.671820 -26.870800 -20.271100
-22.840490 -19.503690 -24.195500 -20.104400
-20.291840 -19.377520 -21.632400 -19.968000
-17.876360 -19.293650 -19.220500 -19.887900
-15.660500 -19.280590 -16.978400 -19.878100
-13.640230 -19.284230 -14.952300 -19.863200
-11.770550 -19.326880 -13.060700 -19.865300
-9.967318 -19.306650 -11.228000 -19.801100
-8.219111 -19.137590 -9.516330 -19.613500
-6.537817 -18.752350 -7.835870 -19.223400
-4.972313 -18.149880 -6.309930 -18.641300
-3.528188 -17.306050 -4.870120 -17.826000
-2.248173 -16.232300 -3.598700 -16.793100
-1.134757 -14.973910 -2.489290 -15.542600
-0.277743 -13.501720 -1.588670 -14.145700
0.128426 -12.051140 -0.889760 -12.578100
0.137226 -10.477000 -0.414194 -10.822900
0.111496 -8.729756 -0.148370 -9.027280
0.036682 -6.878766 -0.045056 -7.132780
-0.082642 -4.905211 -0.030424 -5.064540
-0.243043 -2.837364 -0.080195 -2.938290
-0.403073 -0.667017 -0.166494 -0.672414
-0.550500 1.509726 -0.216782 1.611200
-0.717312 3.907265 -0.343782 4.008630
-0.858562 6.347515 -0.445309 6.483720
-0.967085 8.910701 -0.531511 9.049410
-1.050452 11.566390 -0.628792 11.720600
-1.156424 14.305260 -0.741607 14.478700
-1.250183 17.087850 -0.846278 17.273700
-1.277357 19.878190 -0.939591 20.079500
-1.312379 22.676350 -1.058550 22.910800
-1.362600 25.475970 -1.176590 25.725100
-1.399571 28.265930 -1.297020 28.532200
-1.454082 31.084500 -1.414870 31.364200
-1.521849 33.925140 -1.538360 34.195200
-1.577451 36.788810 -1.672070 37.102600
-1.632573 39.702460 -1.793670 40.041800
-1.679815 42.676480 -1.902030 43.002800
-1.706141 45.682400 -2.009140 46.002600
-1.756474 48.750460 -2.122790 49.078000
-1.860001 51.904040 -2.267000 52.231900
-2.004963 55.154000 -2.440960 55.515700
-2.196949 58.470330 -2.686080 58.830300
-2.444898 61.776990 -2.953410 62.144400
-2.730318 65.057650 -3.292420 65.430400
-2.977076 68.332060 -3.597830 68.753400
-3.161097 71.569600 -3.826400 71.989700
-3.236649 74.740350 -3.926150 75.188600
-3.172961 77.851210 -3.886070 78.325800
-2.989185 80.885130 -3.731630 81.403800
-2.808246 83.801560 -3.604650 84.310900
-2.718274 86.556870 -3.558450 87.058600
-2.653343 89.119270 -3.534310 89.617100