-0.000000 -0.000000 0.000000 0.000000
-0.002255 1.309376 -0.009587 1.323890
0.004084 2.590703 -0.004098 2.679070
-0.023000 3.841612 -0.036941 3.921610
-0.063384 5.047402 -0.088650 5.120770
-0.111979 6.180274 -0.179331 6.344090
-0.175776 7.213633 -0.251418 7.411120
-0.241198 8.127688 -0.308125 8.339630
-0.304684 8.935702 -0.370387 9.162090
-0.360021 9.692478 -0.434803 9.961470
-0.424863 10.427440 -0.505320 10.698100
-0.475663 11.156700 -0.554156 11.451300
-0.533404 11.859530 -0.605672 12.148200
-0.582668 12.562950 -0.656040 12.872200
-0.645712 13.325590 -0.710744 13.634500
-0.696461 14.262260 -0.754201 14.552500
-0.762365 15.324410 -0.818901 15.582400
-0.821749 16.489470 -0.873280 16.736700
-0.879452 17.744250 -0.921957 17.972900
-0.949473 19.084270 -1.002750 19.308100
-1.041778 20.502680 -1.094100 20.691600
-1.123066 21.979960 -1.159340 22.155700
-1.230811 23.467770 -1.257050 23.622500
-1.325495 24.974940 -1.365690 25.133700
-1.430437 26.513850 -1.472720 26.670900
-1.514365 28.081610 -1.552380 28.198600
-1.593258 29.685420 -1.651940 29.784700
-1.673764 31.332170 -1.713480 31.454000
-1.754122 33.001220 -1.809780 33.123200
-1.839528 34.732080 -1.875640 34.848700
-1.925375 36.513020 -1.946630 36.647000
-2.012765 38.297620 -2.061490 38.436400
-2.110019 40.123480 -2.173120 40.255000
-2.214154 41.935770 -2.280530 42.110600
-2.324526 43.775050 -2.403050 43.933500
-2.443142 45.612160 -2.518200 45.787200
-2.557669 47.442390 -2.653370 47.616200
-2.695212 49.282350 -2.784900 49.466400
-2.832102 51.140150 -2.916500 51.319100
-2.968029 52.977820 -3.041350 53.178400
-3.084747 54.805820 -3.165060 54.994000
-3.210459 56.640970 -3.277290 56.845400
-3.327154 58.471750 -3.387650 58.660900
-3.446949 60.287850 -3.505740 60.481800
-3.558765 62.087460 -3.637570 62.276600
-3.672862 63.864520 -3.764910 64.050900
-3.791501 65.620580 -3.893580 65.775700
-3.918596 67.357140 -4.019240 67.537600
-4.058360 69.072610 -4.164580 69.249700
-4.212145 70.765370 -4.310970 70.852900
-4.382035 72.426650 -4.497540 72.495100
-4.553425 74.012100 -4.669670 74.095600
-4.709043 75.467180 -4.827140 75.575700
-4.797412 76.798260 -4.911040 76.916500
-4.741849 78.036210 -4.876050 78.177500
-4.498007 79.200390 -4.604910 79.356400
-4.055315 80.246620 -4.175550 80.373900
-3.434711 81.130240 -3.537630 81.283100
-2.667652 81.921100 -2.716820 82.066700
-1.726119 82.556590 -1.750110 82.730800
-0.660811 82.997100 -0.681681 83.182100
0.519628 83.254520 0.500724 83.434900
1.764400 83.431150 1.699970 83.584200
3.092932 83.526500 3.036270 83.678500
4.525557 83.565060 4.433000 83.691200
6.080416 83.587970 6.002420 83.708700
7.771158 83.605140 7.667270 83.725200
9.590003 83.640190 9.450010 83.778300
11.522260 83.702210 11.377700 83.833000
13.541950 83.789830 13.386000 83.921000
15.607820 83.916630 15.387600 84.059700
17.713300 84.064360 17.464700 84.181100
19.872080 84.210180 19.607100 84.348300
22.075280 84.358660 21.834500 84.481600
24.284190 84.508480 24.026300 84.628000
26.497580 84.656470 26.218000 84.771900
28.712270 84.814250 28.411100 84.913400
30.913370 84.973770 30.614600 85.080500
33.115030 85.114690 32.826500 85.203600
35.313250 85.240670 35.031400 85.327400
37.511860 85.355110 37.235900 85.448900
39.709130 85.471530 39.426200 85.551500
41.909730 85.593540 41.612500 85.687100
44.109260 85.718430 43.792500 85.816800
46.313890 85.833610 45.975600 85.929200
48.521270 85.945890 48.174200 86.035800
50.735580 86.059720 50.369400 86.167100
52.954360 86.173560 52.595900 86.299900
55.162780 86.279620 54.815600 86.410200
57.352710 86.375810 56.994100 86.527400
59.517180 86.475320 59.141400 86.619700
61.657710 86.578510 61.248300 86.725500
63.769060 86.682370 63.329600 86.856900
65.856730 86.784200 65.352200 86.968100
67.916580 86.888970 67.395600 87.106400
69.953230 87.003480 69.406000 87.251200
71.949680 87.134080 71.448500 87.281200
73.832930 87.272930 73.342700 87.489700
75.589990 87.424050 75.070500 87.608700
77.235570 87.586260 76.721700 87.788200
78.746050 87.750190 78.181100 87.991000
80.103530 87.875140 79.506800 88.171500
81.302220 87.866630 80.725500 88.167000
82.394180 87.641070 81.812700 88.019000
83.350480 87.203820 82.870100 87.572600
84.146510 86.587400 83.739900 86.935000
84.776030 85.856120 84.398000 86.205900
85.204860 84.966870 84.774500 85.281400
85.558540 84.005600 85.108800 84.250300
85.815470 82.948970 85.464700 83.197000
85.991240 81.809200 85.643000 82.084200
86.104790 80.549380 85.768000 80.819400
86.200360 79.159550 85.874600 79.432300
86.280480 77.631320 85.959200 77.921700
86.370980 75.976770 86.054800 76.286900
86.465760 74.269780 86.182800 74.573000
86.564190 72.564160 86.269700 72.897300
86.672090 70.871690 86.404700 71.195000
86.794300 69.194300 86.516800 69.504900
86.929810 67.526890 86.681200 67.847900
87.067180 65.888150 86.821700 66.199700
87.187560 64.292270 86.935900 64.592300
87.288320 62.807240 87.012400 63.117900
87.296160 61.473200 87.057800 61.768600
87.146980 60.297870 86.900200 60.573400
86.805240 59.237930 86.558000 59.493600
86.287570 58.310980 86.049000 58.541700
85.638810 57.526210 85.397700 57.737100
84.846760 56.844130 84.601500 57.051700
83.899190 56.307570 83.658000 56.511600
82.821940 55.917930 82.545300 56.131400
81.654160 55.631160 81.383700 55.897300
80.367640 55.453390 80.132600 55.760700
78.962900 55.361010 78.747100 55.687300
77.423010 55.300660 77.224500 55.612500
75.746120 55.258830 75.550400 55.627700
73.935880 55.209660 73.722900 55.503300
71.982100 55.147140 71.815400 55.494600
69.885480 55.061310 69.722100 55.351400
67.668620 54.951890 67.351100 55.298400
65.372030 54.832060 65.034200 55.176800
63.024060 54.703090 62.660100 55.008400
60.608870 54.568750 60.292700 54.867500
58.131290 54.437420 57.816000 54.765900
55.609150 54.313220 55.332300 54.641700
53.048950 54.186470 52.763300 54.555700
50.475330 54.057030 50.190900 54.362000
47.911300 53.918760 47.594800 54.218800
45.362780 53.774820 45.036500 54.044600
42.842500 53.633160 42.557800 53.882300
40.346590 53.499540 40.080400 53.749500
37.873640 53.370210 37.605800 53.606100
35.455200 53.243690 35.139500 53.429900
33.048780 53.118480 32.746300 53.303200
30.669760 52.987560 30.361500 53.157000
28.337200 52.840470 28.051300 53.002600
26.019240 52.699030 25.756900 52.855400
23.733230 52.582000 23.514800 52.755000
21.472410 52.477690 21.229200 52.592100
19.239390 52.383120 18.979200 52.475900
17.034180 52.301660 16.792400 52.415700
14.851650 52.222490 14.601900 52.308600
12.719070 52.145960 12.502700 52.231100
10.707410 52.089630 10.545300 52.193400
8.850765 52.057570 8.705190 52.173000
7.150402 52.038990 7.061570 52.190900
5.583511 52.026410 5.510780 52.177700
4.160761 52.016040 4.101380 52.097100
2.904912 51.962390 2.867280 52.020900
1.842661 51.821470 1.811510 51.900300
0.920739 51.565830 0.911460 51.655100
0.094866 51.163290 0.095433 51.230400
-0.597155 50.646860 -0.555696 50.698600
-1.167663 50.017240 -1.145350 50.106100
-1.675977 49.277680 -1.616630 49.348800
-2.032482 48.381970 -1.954350 48.511200
-2.253538 47.366200 -2.211970 47.485000
-2.348742 46.210990 -2.279480 46.336400
-2.368081 44.915890 -2.314510 45.092300
-2.344078 43.478090 -2.316800 43.676600
-2.297524 41.910650 -2.263480 42.081800
-2.245413 40.216810 -2.217490 40.371900
-2.206931 38.394210 -2.180680 38.559300
-2.157048 36.469650 -2.132720 36.625100
-2.084685 34.539030 -2.043910 34.692900
-1.988482 32.621620 -1.961540 32.777900
-1.870930 30.716200 -1.841910 30.863400
-1.756405 28.865040 -1.728130 29.021200
-1.634442 27.092580 -1.620600 27.236900
-1.516513 25.393360 -1.503390 25.550300
-1.408804 23.754310 -1.340140 23.950900
-1.308388 22.198800 -1.250640 22.343800
-1.224651 20.737200 -1.186650 20.858400
-1.134812 19.417200 -1.090380 19.556400
-1.061509 18.213290 -1.008910 18.374000
-0.989997 17.059370 -0.947181 17.239700
-0.916159 15.924770 -0.873884 16.110800
-0.842250 14.810700 -0.807089 15.003900
-0.767901 13.675760 -0.729619 13.863800
-0.696464 12.503760 -0.657192 12.786900
-0.621240 11.268510 -0.597257 11.564100
-0.539748 9.986343 -0.536233 10.279700
-0.464053 8.671708 -0.428546 8.949110
-0.380595 7.301604 -0.359577 7.569620
-0.305297 5.879533 -0.277077 6.135190
-0.238564 4.447687 -0.216750 4.673590
-0.172241 3.026677 -0.138040 3.217340
-0.123364 1.626139 -0.090773 1.802810
-0.069619 0.269377 -0.041539 0.425408
-0.045082 -1.059200 -0.007851 -0.896599
-0.024310 -2.348284 0.022739 -2.207270