0.000000 -0.000000 0.000000 0.000000
0.007022 2.293775 0.012932 2.303300
0.035598 4.687622 0.049983 4.709680
0.063201 7.116058 0.092064 7.160130
0.083721 9.540333 0.131161 9.603640
0.100555 12.010460 0.165643 12.060000
0.164386 14.470120 0.228055 14.527400
0.260499 16.935970 0.313150 17.016900
0.361490 19.394880 0.399141 19.453800
0.470141 21.785380 0.504551 21.858800
0.614063 24.190040 0.617919 24.228000
0.768995 26.546930 0.755703 26.584600
0.941768 28.844900 0.954228 28.911300
1.194449 31.131150 1.206390 31.205400
1.499129 33.325770 1.504190 33.403800
1.839433 35.507900 1.857840 35.561000
2.147039 37.615120 2.189730 37.621000
2.418994 39.653910 2.479030 39.627700
2.679341 41.650480 2.736130 41.602700
2.897639 43.601470 2.952370 43.568200
3.062786 45.504450 3.108790 45.489600
3.155286 47.422100 3.160670 47.417800
3.146840 49.431130 3.175960 49.405200
3.117657 51.462080 3.158880 51.408200
3.088359 53.492880 3.120260 53.442500
3.058926 55.525350 3.059930 55.485200
3.029436 57.554300 2.987580 57.588500
2.969217 59.610220 2.887280 59.643600
2.893779 61.656230 2.800370 61.677500
2.839804 63.677870 2.717690 63.688200
2.822798 65.677280 2.699700 65.698600
2.845518 67.597020 2.703160 67.608400
2.913363 69.391840 2.758790 69.406200
3.003963 71.102410 2.835690 71.107900
3.108330 72.790500 2.919800 72.795800
3.198808 74.446550 2.997800 74.449300
3.291872 76.088410 3.070350 76.094800
3.341071 77.691260 3.113870 77.696200
3.327460 79.223280 3.137700 79.259800
3.256645 80.723340 3.070550 80.770400
3.170543 82.204540 2.976480 82.234800
3.094354 83.680190 2.894720 83.722900
3.012092 85.208420 2.833360 85.236800
2.950360 86.818420 2.754620 86.863100
2.906816 88.514720 2.712010 88.575800
2.896083 90.271340 2.693290 90.330300
2.923516 92.021130 2.734130 92.082300
3.003888 93.711560 2.814560 93.788500
3.164421 95.321340 2.976250 95.409300
3.452038 96.898170 3.258840 97.018800
3.866275 98.447030 3.652760 98.563600
4.328322 99.941710 4.089400 100.070000
4.715467 101.400400 4.465150 101.544000
4.953521 102.821400 4.679010 102.982000
5.041707 104.198900 4.751890 104.345000
4.945543 105.538700 4.638010 105.681000
4.729596 106.837200 4.411860 106.982000
4.464047 108.116400 4.136660 108.256000
4.179355 109.509900 3.837560 109.647000
3.950169 111.071600 3.579400 111.223000
3.797840 112.814700 3.378560 112.972000
3.710525 114.758000 3.253470 114.908000
3.693148 116.901500 3.209600 117.044000
3.749304 119.220500 3.235230 119.355000
3.835737 121.620500 3.300230 121.747000
3.919454 124.033500 3.356050 124.152000
4.013575 126.448600 3.420670 126.559000
4.099490 128.846600 3.502120 128.916000
4.158621 131.231900 3.550800 131.289000
4.231186 133.612200 3.606630 133.664000
4.358321 135.973400 3.713550 136.008000
4.552493 138.300400 3.907540 138.346000
4.858948 140.583600 4.212870 140.633000
5.296597 142.817600 4.662310 142.866000
5.788129 145.019200 5.128320 145.059000
6.219705 147.199100 5.555770 147.233000
6.553261 149.367800 5.882550 149.396000
6.832615 151.517800 6.138760 151.540000
7.049562 153.616600 6.354340 153.637000
7.208831 155.629300 6.495310 155.644000
7.321335 157.514700 6.598710 157.515000
7.414959 159.233100 6.681070 159.198000
7.500155 160.800900 6.762210 160.757000
7.610408 162.230900 6.855970 162.198000
7.775353 163.574800 7.019070 163.545000
8.078157 164.873200 7.303820 164.847000
8.472423 166.092700 7.685540 166.060000
9.008201 167.207400 8.205970 167.181000
9.730441 168.290800 8.931030 168.269000
10.623150 169.331000 9.834940 169.320000
11.714520 170.190900 10.939200 170.148000
12.978890 170.873000 12.219700 170.841000
14.385730 171.363200 13.667300 171.345000
15.908080 171.735200 15.201000 171.713000
17.534070 171.985700 16.829800 171.958000
19.281000 172.186400 18.571000 172.120000
21.130760 172.296600 20.409100 172.222000
23.122190 172.338500 22.414600 172.253000
25.238920 172.295800 24.541100 172.187000
27.511730 172.225700 26.805300 172.100000
29.880790 172.138600 29.195300 172.001000
32.339320 172.062800 31.659700 171.913000
34.837110 171.988600 34.177100 171.823000
37.398890 171.926900 36.743200 171.739000
40.011490 171.888400 39.362700 171.690000
42.649680 171.887700 41.997000 171.700000
45.299520 171.878000 44.680300 171.672000
47.932400 171.849000 47.326700 171.623000
50.534140 171.796500 49.900700 171.557000
53.118770 171.714400 52.489200 171.484000
55.671040 171.631600 55.026200 171.396000
58.183970 171.535300 57.551200 171.296000
60.784560 171.409100 60.071000 171.221000
63.391990 171.303900 62.623200 171.149000
66.067240 171.176800 65.218900 171.053000
68.760390 171.026000 67.840900 170.978000
71.480810 170.895400 70.440700 170.892000
74.243060 170.768700 73.203600 170.796000
77.023780 170.656200 75.907100 170.719000
79.836020 170.558300 78.763900 170.648000
82.663690 170.458700 81.563200 170.569000
85.491910 170.359100 84.376600 170.498000
88.349620 170.283200 87.241900 170.445000
91.207330 170.203200 90.100500 170.387000
94.083490 170.142800 92.960900 170.343000
96.985720 170.082600 95.839200 170.313000
99.896520 170.005900 98.763200 170.254000
102.831200 169.898300 101.685000 170.178000
105.776400 169.789000 104.656000 170.099000
108.711700 169.708200 107.586000 170.049000
111.617300 169.626500 110.507000 169.982000
114.498500 169.557000 113.371000 169.932000
117.394400 169.478000 116.283000 169.879000
120.265400 169.373300 119.158000 169.806000
123.105800 169.281700 121.984000 169.729000
125.951200 169.169900 124.829000 169.648000
128.755500 169.046900 127.622000 169.556000
131.520500 168.916000 130.394000 169.449000
134.224100 168.778300 133.096000 169.329000
136.817000 168.644900 135.695000 169.211000
139.211000 168.571700 138.155000 169.137000
141.402600 168.504000 140.487000 169.060000
143.551600 168.479400 142.763000 169.006000
145.614700 168.467200 144.871000 168.991000
147.555200 168.486400 146.853000 169.015000
149.402800 168.475900 148.728000 169.009000
151.234400 168.470900 150.560000 168.997000
152.868500 168.330100 152.174000 168.864000
154.244900 168.004100 153.540000 168.549000
155.333900 167.464900 154.663000 168.031000
156.267900 166.827700 155.634000 167.389000
157.055700 166.069700 156.457000 166.590000
157.707600 165.338200 157.168000 165.823000
158.120700 164.520000 157.633000 164.998000
158.442200 163.712400 158.010000 164.168000
158.617000 162.843600 158.238000 163.299000
158.685300 162.011600 158.327000 162.426000
158.722300 161.173100 158.396000 161.584000
158.706300 160.321400 158.414000 160.702000
158.686200 159.374000 158.443000 159.742000
158.647900 158.309600 158.462000 158.682000
158.608600 157.106300 158.470000 157.471000
158.540900 155.742100 158.447000 156.086000
158.476400 154.212400 158.418000 154.558000
158.397900 152.527400 158.398000 152.862000
158.307900 150.686600 158.352000 151.011000
158.208100 148.751900 158.312000 149.058000
158.106800 146.714700 158.287000 147.059000
158.017900 144.615900 158.235000 145.019000
157.956900 142.544600 158.191000 142.983000
157.852500 140.493800 158.148000 140.962000
157.764700 138.468400 158.099000 138.959000
157.688100 136.458200 158.040000 136.989000
157.600500 134.537100 157.974000 135.092000
157.520100 132.709100 157.926000 133.320000
157.379300 130.972900 157.767000 131.618000
157.151900 129.322600 157.501000 129.980000
156.812000 127.788100 157.100000 128.463000
156.391700 126.332000 156.637000 127.016000
155.965400 124.892600 156.215000 125.574000
155.579900 123.492700 155.848000 124.164000
155.230200 122.139700 155.550000 122.782000
154.993400 120.785100 155.305000 121.436000
154.779100 119.420800 155.115000 120.153000
154.592300 118.076800 154.957000 118.871000
154.467200 116.747900 154.880000 117.561000
154.316900 115.341600 154.795000 116.101000
154.258900 113.831500 154.798000 114.634000
154.176300 112.315900 154.776000 113.084000
154.117700 110.734500 154.788000 111.493000
154.066900 109.053300 154.793000 109.784000
154.005800 107.297400 154.810000 108.050000
153.963100 105.475300 154.816000 106.242000
153.918100 103.573600 154.833000 104.359000
153.848100 101.623100 154.839000 102.416000
153.784700 99.557410 154.853000 100.392000
153.682900 97.490530 154.812000 98.329400
153.564700 95.325320 154.787000 96.209600
153.472100 93.109790 154.739000 93.999800
153.327700 90.899410 154.683000 91.826100
153.196800 88.667140 154.625000 89.632500
153.053500 86.485060 154.564000 87.461400
152.924500 84.310810 154.509000 85.317900
152.798800 82.195390 154.453000 83.212000
152.668600 80.097860 154.408000 81.113500
152.557100 78.055420 154.364000 79.083000
152.493000 75.989340 154.323000 77.025600
152.424000 73.994430 154.275000 75.014400
152.364000 71.998840 154.228000 73.034900
152.319400 70.050980 154.184000 71.099700
152.269900 68.109910 154.141000 69.158200
152.202000 66.223500 154.086000 67.289900
152.152000 64.385240 154.052000 65.454300
152.111000 62.668270 154.013000 63.733600
152.078200 61.051360 153.999000 62.131700
152.011900 59.575190 153.970000 60.648600
151.911100 58.201900 153.926000 59.305000
151.797300 56.935120 153.867000 58.058500
151.725300 55.821930 153.797000 56.919800
151.642300 54.849770 153.737000 55.956800
151.608300 54.056490 153.715000 55.181700
151.619700 53.336090 153.748000 54.475300
151.682500 52.628830 153.814000 53.786000
151.819400 51.928420 153.934000 53.116600
152.028600 51.247980 154.147000 52.465700
152.325400 50.657380 154.462000 51.878700
152.737900 50.016270 154.868000 51.253300
153.320800 49.347430 155.445000 50.624900
154.064200 48.709840 156.193000 49.997900
154.987600 48.167320 157.175000 49.494600
156.113700 47.787680 158.245000 49.102700
157.462300 47.563730 159.486000 48.834800
158.989800 47.464610 160.957000 48.715700
160.734100 47.446890 162.592000 48.627500
162.613500 47.438520 164.501000 48.593400
164.632900 47.445960 166.486000 48.565000
166.843400 47.443730 168.684000 48.575300
169.214100 47.471420 171.011000 48.618100
171.735200 47.517710 173.547000 48.662200
174.415100 47.578800 176.204000 48.727700
177.207500 47.614740 178.999000 48.771600
180.064300 47.609250 181.859000 48.782700
182.917000 47.533800 184.687000 48.719000
185.752900 47.376410 187.535000 48.571300
188.572800 47.152170 190.349000 48.369700
191.354200 46.871500 193.106000 48.089800
194.110300 46.578670 195.851000 47.813000
196.843000 46.278440 198.578000 47.527300
199.560000 45.990980 201.291000 47.244600
202.243700 45.732660 203.972000 47.002800
204.915200 45.541030 206.657000 46.838400
207.539800 45.391510 209.247000 46.710600
210.073200 45.254670 211.789000 46.583500
212.427900 45.113020 214.220000 46.504100
214.663500 45.018020 216.488000 46.468000
216.768200 44.993000 218.585000 46.474800
218.764800 45.025460 220.535000 46.502900
220.601100 45.058300 222.351000 46.542900
222.281400 45.072790 223.997000 46.556000
223.786900 44.997110 225.468000 46.480000
225.165600 44.773330 226.880000 46.264400
226.467400 44.384220 228.204000 45.886900
227.633500 43.772740 229.417000 45.316200
228.661100 42.998150 230.497000 44.564700
229.605500 42.097710 231.479000 43.651400
230.374400 40.964150 232.302000 42.526700
231.016800 39.680060 232.890000 41.149900
231.436800 38.230750 233.314000 39.737800
231.662300 36.626750 233.508000 38.138700
231.677300 34.864990 233.496000 36.382100
231.619000 32.942900 233.428000 34.475500
231.495100 30.875010 233.321000 32.435400
231.359100 28.675960 233.169000 30.256800
231.224700 26.314340 233.026000 27.901200
231.102300 23.828420 232.917000 25.449200
231.034300 21.250810 232.852000 22.882200
231.022800 18.661810 232.864000 20.316900
231.062800 16.030570 232.934000 17.706100
231.185000 13.401700 233.067000 15.092500
231.354600 10.784740 233.264000 12.479700
231.531700 8.217603 233.461000 9.916570
231.766900 5.669711 233.658000 7.387630
231.935700 3.171579 233.816000 4.893900
232.059000 0.696190 233.906000 2.422520
232.131200 -1.822378 233.935000 -0.069501
232.140900 -4.348946 233.919000 -2.637210
232.105800 -6.938979 233.863000 -5.208230
232.028800 -9.565960 233.785000 -7.826420
231.931700 -12.255660 233.681000 -10.524200
231.833000 -14.969580 233.543000 -13.238800
231.725300 -17.712370 233.404000 -15.954300
231.618000 -20.446850 233.301000 -18.692600
231.527100 -23.166890 233.180000 -21.435200
231.457500 -25.868180 233.101000 -24.113600
231.416300 -28.553830 233.038000 -26.828500
231.363000 -31.198600 232.975000 -29.486100
231.280800 -33.819990 232.894000 -32.103300
231.200700 -36.418730 232.767000 -34.712600
231.068200 -38.991360 232.641000 -37.309000
230.814600 -41.512440 232.387000 -39.820800
230.416800 -43.994010 231.995000 -42.318100
229.963200 -46.406170 231.535000 -44.757000
229.531000 -48.779090 231.054000 -47.074200
229.120500 -51.073670 230.631000 -49.398000
228.716600 -53.277000 230.308000 -51.610800
228.434800 -55.338390 230.085000 -53.669800
228.223500 -57.243190 229.958000 -55.528200
228.098800 -58.926370 229.917000 -57.210100
228.057300 -60.417260 229.947000 -58.754500
228.106000 -61.860610 230.054000 -60.196900
228.315600 -63.259550 230.310000 -61.592100
228.694200 -64.578020 230.763000 -62.873800
229.292300 -65.827590 231.392000 -64.055300
230.101000 -67.033270 232.220000 -65.264900
231.099800 -68.116660 233.209000 -66.258300
232.327800 -69.039380 234.374000 -67.179000
233.756900 -69.807480 235.876000 -67.923300
235.352100 -70.379080 237.495000 -68.478800
237.223000 -70.819880 239.393000 -68.906800
239.285300 -71.109580 241.431000 -69.215000
241.482500 -71.311870 243.658000 -69.447500
243.846400 -71.540870 246.032000 -69.713900
246.341000 -71.807480 248.641000 -70.003500
249.042500 -72.087130 251.354000 -70.284900
251.844200 -72.374540 254.145000 -70.512200
254.794800 -72.664380 257.117000 -70.780800
257.813700 -72.947670 260.134000 -71.037700
260.841200 -73.225380 263.143000 -71.277000
263.888900 -73.514120 266.191000 -71.549800
266.911300 -73.771450 269.202000 -71.776100
269.976100 -74.028630 272.215000 -72.011700
273.009800 -74.278270 275.227000 -72.232700
276.028000 -74.489650 278.141000 -72.426500
279.029600 -74.690230 281.093000 -72.632400
281.987800 -74.896740 283.992000 -72.829000
284.897300 -75.122150 286.871000 -73.057500
287.760000 -75.342320 289.683000 -73.274600
290.535100 -75.570270 292.439000 -73.484100
293.166500 -75.779610 295.046000 -73.682000
295.684600 -75.921740 297.561000 -73.841500
298.050400 -76.017460 299.911000 -73.922900
300.261300 -76.076880 302.116000 -73.965300
302.259800 -76.119680 304.102000 -73.984200
304.068400 -76.217670 305.924000 -74.066900
305.737900 -76.400440 307.591000 -74.247700
307.241600 -76.740660 309.099000 -74.577300
308.696200 -77.272310 310.546000 -75.124000
310.072900 -78.001410 311.877000 -75.834900
311.225600 -78.913250 313.043000 -76.743800
312.123700 -80.003280 313.984000 -77.913500
312.869100 -81.248940 314.696000 -79.188600
313.401000 -82.637390 315.210000 -80.577200
313.703200 -84.128830 315.504000 -82.076900
313.895700 -85.693770 315.715000 -83.645900
314.002100 -87.327300 315.844000 -85.245800
314.037100 -89.034920 315.893000 -86.930300
314.043900 -90.811810 315.914000 -88.695000
314.016600 -92.662460 315.920000 -90.523800
313.869600 -94.557790 315.777000 -92.421200
313.635000 -96.502470 315.590000 -94.366500
313.240700 -98.437000 315.238000 -96.289000
312.737700 -100.371400 314.782000 -98.205800
312.161900 -102.311400 314.225000 -100.113000
311.601800 -104.344000 313.658000 -102.172000
311.112000 -106.438800 313.233000 -104.235000
310.729600 -108.653400 312.851000 -106.420000
310.422300 -110.974500 312.582000 -108.723000
310.236800 -113.386400 312.443000 -111.137000
310.056600 -115.895100 312.262000 -113.662000
309.847500 -118.495300 312.054000 -116.311000
309.643800 -121.172400 311.843000 -118.993000
309.456600 -123.894100 311.650000 -121.757000
309.246800 -126.655500 311.443000 -124.513000
309.056200 -129.456200 311.253000 -127.328000
308.907900 -132.266900 311.093000 -130.137000
308.769700 -135.083400 310.916000 -132.971000
308.617600 -137.886400 310.732000 -135.791000
308.448700 -140.685600 310.539000 -138.617000
308.260000 -143.456200 310.346000 -141.433000
308.042100 -146.202700 310.082000 -144.191000
307.797000 -148.917600 309.835000 -146.916000
307.544200 -151.567300 309.581000 -149.538000
307.280400 -154.109000 309.290000 -152.103000
306.995000 -156.548700 309.010000 -154.564000
306.667200 -158.873600 308.692000 -156.931000
306.271100 -161.017300 308.283000 -159.070000
305.816300 -163.044200 307.816000 -161.114000
305.255100 -164.946100 307.238000 -163.066000
304.526700 -166.762100 306.530000 -164.874000
303.637200 -168.457500 305.658000 -166.564000
302.572400 -169.974500 304.556000 -168.094000
301.282700 -171.280400 303.293000 -169.429000
299.838400 -172.368800 301.802000 -170.489000
298.256400 -173.231900 300.237000 -171.387000
296.524300 -173.834800 298.501000 -171.970000
294.683400 -174.187400 296.660000 -172.299000
292.776600 -174.339100 294.754000 -172.457000
290.815300 -174.384900 292.790000 -172.506000
288.741000 -174.369900 290.728000 -172.495000
286.560400 -174.351200 288.548000 -172.491000
284.271700 -174.297200 286.251000 -172.464000
281.851700 -174.240500 283.840000 -172.432000
279.309000 -174.132300 281.291000 -172.347000
276.673700 -173.993600 278.644000 -172.227000
273.986400 -173.800300 275.962000 -172.029000
271.266400 -173.556200 273.250000 -171.778000
268.597600 -173.305700 270.584000 -171.529000
265.921200 -173.040800 267.930000 -171.263000
263.263900 -172.760200 265.302000 -170.978000
260.663300 -172.463000 262.687000 -170.694000
258.070300 -172.171000 260.102000 -170.402000
255.491100 -171.825300 257.485000 -170.082000
252.877600 -171.437300 254.851000 -169.721000
250.199400 -171.001800 252.120000 -169.294000
247.462200 -170.554200 249.357000 -168.866000
244.618200 -170.160000 246.494000 -168.485000
241.705900 -169.804000 243.546000 -168.151000
238.780800 -169.494500 240.609000 -167.858000
235.855500 -169.220500 237.671000 -167.607000
232.973900 -168.968400 234.763000 -167.391000
230.083900 -168.717700 231.885000 -167.157000
227.261800 -168.453800 229.069000 -166.921000
224.612300 -168.226300 226.422000 -166.733000
222.197400 -168.005600 223.980000 -166.529000
220.017100 -167.795600 221.766000 -166.343000
218.092200 -167.605900 219.835000 -166.183000
216.459600 -167.444600 218.187000 -166.042000
215.074900 -167.308100 216.768000 -165.929000
213.878500 -167.184200 215.545000 -165.813000
212.761800 -167.077200 214.406000 -165.727000
211.672600 -166.981500 213.295000 -165.635000
210.607800 -166.885700 212.233000 -165.552000
209.563800 -166.805100 211.166000 -165.461000
208.513000 -166.706400 210.106000 -165.373000
207.381300 -166.613100 208.949000 -165.285000
206.175600 -166.490400 207.726000 -165.175000
204.878600 -166.394100 206.436000 -165.081000
203.569600 -166.277900 205.109000 -164.961000
202.270400 -166.172000 203.788000 -164.875000
200.967400 -166.053200 202.480000 -164.764000
199.653500 -165.938500 201.158000 -164.659000
198.309100 -165.825200 199.808000 -164.552000
196.917600 -165.705900 198.425000 -164.437000
195.458200 -165.585400 196.966000 -164.337000
193.887700 -165.439000 195.401000 -164.196000
192.159700 -165.303900 193.662000 -164.055000
190.258500 -165.137700 191.768000 -163.887000
188.280000 -164.968200 189.799000 -163.724000
186.298600 -164.794800 187.816000 -163.546000
184.318400 -164.626400 185.853000 -163.391000
182.391900 -164.463200 183.926000 -163.251000
180.514300 -164.304200 182.026000 -163.087000
178.773200 -164.157000 180.279000 -162.943000
177.151700 -164.016800 178.695000 -162.819000
175.678600 -163.884300 177.219000 -162.693000
174.388200 -163.774100 175.903000 -162.580000
173.316100 -163.672900 174.799000 -162.513000
172.474000 -163.591700 173.938000 -162.460000
171.818300 -163.556100 173.257000 -162.441000
171.322000 -163.553700 172.747000 -162.440000
170.908000 -163.585500 172.333000 -162.482000
170.506700 -163.671900 171.941000 -162.574000
170.134700 -163.796600 171.574000 -162.691000
169.721200 -163.972400 171.144000 -162.882000
169.199100 -164.230800 170.615000 -163.128000
168.511800 -164.476700 169.958000 -163.356000
167.724600 -164.741200 169.130000 -163.642000
166.802300 -164.943600 168.160000 -163.877000
165.659400 -165.108000 166.985000 -164.047000
164.274200 -165.148300 165.588000 -164.104000
162.679900 -165.089600 163.939000 -164.055000
160.908000 -164.950700 162.125000 -163.938000
158.951300 -164.787800 160.129000 -163.800000
156.800100 -164.585900 157.965000 -163.604000
154.555100 -164.400200 155.719000 -163.433000
152.282800 -164.225700 153.461000 -163.275000
150.006300 -164.070100 151.143000 -163.120000
147.732900 -163.932200 148.907000 -162.996000
145.471500 -163.812600 146.671000 -162.872000
143.245000 -163.695300 144.447000 -162.746000
141.069200 -163.565400 142.279000 -162.609000
138.936100 -163.426300 140.135000 -162.437000
136.911100 -163.253600 138.140000 -162.279000
134.954300 -163.003300 136.180000 -161.995000
133.060600 -162.624400 134.309000 -161.609000
131.250700 -162.099100 132.489000 -161.065000
129.496800 -161.486700 130.727000 -160.438000
127.701000 -160.978200 128.916000 -159.941000
125.843600 -160.541700 127.045000 -159.511000
123.902300 -160.216300 125.110000 -159.195000
121.879000 -159.982000 123.083000 -158.957000
119.798800 -159.803100 120.997000 -158.797000
117.653100 -159.596800 118.822000 -158.599000
115.433300 -159.437300 116.604000 -158.438000
113.132700 -159.404500 114.310000 -158.395000
110.786600 -159.509500 111.948000 -158.511000
108.361900 -159.700700 109.524000 -158.687000
105.870600 -159.889500 107.045000 -158.874000
103.382600 -160.064900 104.574000 -159.056000
100.890800 -160.194800 102.113000 -159.169000
98.512230 -160.225900 99.734700 -159.199000
96.231350 -160.148900 97.424600 -159.125000
93.999740 -159.921700 95.163500 -158.893000
91.799110 -159.513800 92.970200 -158.470000
89.685420 -158.935700 90.853500 -157.851000
87.615250 -158.277300 88.778300 -157.206000
85.474860 -157.715000 86.619100 -156.669000
83.242200 -157.282300 84.374000 -156.257000
80.889280 -156.989400 82.011900 -155.981000
78.407160 -156.793400 79.538100 -155.813000
75.827000 -156.616300 76.901500 -155.646000
73.098910 -156.404700 74.146800 -155.457000
70.235250 -156.174900 71.252900 -155.238000
67.207140 -155.937000 68.225800 -155.016000
64.208770 -155.707400 65.201500 -154.779000
61.200210 -155.484800 62.184500 -154.551000
58.187330 -155.272500 59.166100 -154.335000
55.222150 -155.074100 56.188300 -154.141000
52.256770 -154.965300 53.211600 -154.039000
49.305630 -154.945000 50.285400 -154.025000
46.375930 -155.021500 47.359300 -154.104000
43.454700 -155.136700 44.449200 -154.213000
40.565970 -155.226800 41.574200 -154.303000
37.717800 -155.266300 38.709300 -154.351000
34.879730 -155.244100 35.873700 -154.323000
32.093460 -155.118700 33.072900 -154.230000
29.325860 -154.909800 30.295200 -154.038000
26.611880 -154.631700 27.582500 -153.769000
23.920430 -154.363900 24.899900 -153.513000
21.376790 -154.131200 22.332800 -153.282000
18.960320 -153.919000 19.923300 -153.079000
16.750370 -153.710400 17.720200 -152.891000
14.751260 -153.514700 15.714500 -152.701000
12.965150 -153.343800 13.917700 -152.535000
11.366250 -153.168700 12.311200 -152.355000
9.901740 -152.974800 10.852700 -152.172000
8.511533 -152.650000 9.443880 -151.835000
7.210177 -152.165100 8.127500 -151.328000
6.006792 -151.527300 6.896920 -150.686000
4.904036 -150.740300 5.789290 -149.865000
3.936527 -149.815500 4.792120 -148.937000
3.163520 -148.753600 3.979140 -147.867000
2.553744 -147.556700 3.358750 -146.668000
2.097605 -146.229900 2.890610 -145.322000
1.829594 -144.780500 2.610200 -143.862000
1.640797 -143.205300 2.419280 -142.274000
1.545782 -141.480000 2.302520 -140.549000
1.486247 -139.618700 2.249420 -138.684000
1.503313 -137.592500 2.220640 -136.660000
1.531221 -135.376500 2.222610 -134.429000
1.551493 -133.013700 2.197750 -132.102000
1.548758 -130.451800 2.162990 -129.525000
1.587835 -127.731600 2.171260 -126.806000
1.631261 -124.877800 2.175840 -123.976000
1.661302 -121.934500 2.179220 -121.047000
1.673684 -118.914000 2.175290 -118.021000
1.671344 -115.846300 2.165870 -114.956000
1.634599 -112.775100 2.128680 -111.869000
1.614713 -109.722800 2.106090 -108.861000
1.624601 -106.654800 2.101310 -105.787000
1.655356 -103.604500 2.102020 -102.764000
1.680001 -100.532300 2.104880 -99.703500
1.709451 -97.485920 2.097250 -96.706800
1.685952 -94.433220 2.091140 -93.579700
1.659570 -91.357690 2.076120 -90.500600
1.640501 -88.305860 2.026620 -87.454100
1.595304 -85.204780 1.980730 -84.382300
1.530847 -82.129590 1.903150 -81.309700
1.477979 -79.026370 1.838360 -78.207500
1.440427 -75.946020 1.791540 -75.116400
1.437853 -72.851290 1.747810 -72.004400
1.454260 -69.788060 1.755180 -68.943400
1.485567 -66.744020 1.763310 -65.901800
1.554033 -63.722780 1.800120 -62.872900
1.630765 -60.733760 1.853490 -59.858100
1.703302 -57.757860 1.907910 -56.886200
1.765303 -54.848650 1.961870 -53.984000
1.815491 -51.998170 2.006760 -51.119600
1.833924 -49.250550 2.015430 -48.347900
1.820687 -46.622710 1.999950 -45.722000
1.808124 -44.096600 1.974060 -43.174600
1.801311 -41.711210 1.957610 -40.778000
1.769868 -39.496860 1.940360 -38.553600
1.732765 -37.478890 1.920590 -36.538800
1.720160 -35.684740 1.907500 -34.730700
1.729632 -34.068120 1.912550 -33.113100
1.747096 -32.529820 1.897780 -31.557900
1.763014 -30.999980 1.933020 -30.020500
1.677310 -29.519050 1.855340 -28.519800
1.618346 -28.034340 1.795400 -27.018200
1.498766 -26.503930 1.692300 -25.475300
1.413527 -24.918200 1.601990 -23.885600
1.272784 -23.306440 1.507600 -22.260100
1.144005 -21.611080 1.368310 -20.565000
1.010720 -19.798110 1.257040 -18.735300
0.798556 -17.898770 1.030420 -16.850800
0.586382 -15.866620 0.843278 -14.802500
0.363726 -13.725590 0.621284 -12.662200
0.184335 -11.460720 0.411717 -10.421000
-0.000243 -9.076660 0.240465 -8.052720
-0.144838 -6.594953 0.080364 -5.583950
-0.251165 -4.040576 -0.023494 -3.018650
-0.291180 -1.466504 -0.101590 -0.445534
-0.262851 1.114573 -0.084775 2.102660
-0.220685 3.646582 -0.065746 4.640950
-0.174106 6.173032 -0.016078 7.155540
-0.119617 8.651056 0.051280 9.630790
-0.043548 11.123110 0.124219 12.095400
0.051246 13.533830 0.229192 14.505600
0.150825 15.934700 0.320160 16.911700
0.249702 18.325150 0.395646 19.294800
0.360320 20.647420 0.504741 21.638600
0.477440 22.978050 0.597305 23.939800
0.584394 25.272090 0.700104 26.241200
0.725183 27.485170 0.845652 28.455500
0.915355 29.653530 1.051440 30.641300
1.177846 31.692680 1.324800 32.697900
1.533564 33.678610 1.675150 34.683900
1.919843 35.552330 2.071170 36.567200
2.288192 37.306520 2.443900 38.306500
2.576145 38.951480 2.745390 39.954800
2.812452 40.557680 2.986550 41.563200
2.968748 42.163410 3.131020 43.204200
3.071429 43.742200 3.221570 44.771600
3.112635 45.313980 3.245720 46.360300
3.133685 46.938910 3.241630 47.984100
3.113005 48.611680 3.206830 49.659900
3.068903 50.326860 3.173830 51.356800
3.010029 52.109060 3.105890 53.140800
2.941533 53.972740 3.018850 55.020000
2.854238 55.885700 2.921760 56.919100
2.748203 57.800430 2.810500 58.818000
2.643889 59.681330 2.719050 60.707200
2.587765 61.545150 2.672460 62.581200