4.448321529850116887e-04 -4.203318093526888649e-02 2.625299000014898354e+00 -1.066602464734810601e-01 -3.157207177428113243e-02 9.443556508184074161e-02
1.257635615669199002e-03 -4.830085729264291944e-02 2.631025066259379486e+00 4.515308725454363764e-02 -3.002643097839076750e-02 1.438489817229829104e-01
3.714181217416860983e-03 -4.771223181316119888e-02 2.635632187421623751e+00 5.991980940574426207e-02 -5.352994216333960102e-03 1.139809335352597180e-01
3.914616013335204571e-03 -3.986887818331139033e-02 2.639884723958967783e+00 -6.327190140133061302e-02 1.257307516705598142e-02 2.936958364734874177e-02
6.373379164919548701e-03 -3.392876506054773311e-02 2.647727540920575606e+00 -1.077169698036537088e-01 1.357228297431842604e-02 1.071687512773740747e-01
5.397478944633550893e-03 -3.571722428782147379e-02 2.657266558121279765e+00 -1.113622726723131340e-01 -4.085178517159952088e-03 7.225785309708114557e-02
1.044724621790020860e-03 -4.035329359531211746e-02 2.660755603652192214e+00 4.730944393115288360e-02 -2.564202232522897265e-02 -5.009646730934339681e-02
-1.587253683759080880e-04 -4.020058756675704004e-02 2.665171519225038921e+00 2.503129549532803755e-01 -2.125815583224921132e-02 -1.884828619239247993e-01
-2.157465545639163096e-03 -3.196315214470315386e-02 2.672397644499111991e+00 2.058940118798605334e-01 1.399597487822890063e-02 -3.540785340687218619e-01
-6.131331710958027106e-03 -3.035513861734964736e-02 2.676251786601937965e+00 4.547053380583496174e-02 2.480857249086172028e-02 -3.361411671550791902e-01
-7.543011437891417210e-03 -3.638609744540262370e-02 2.688652041258084324e+00 -4.891501127660014686e-02 1.321328966561322385e-02 -2.090015903454434942e-01
-8.287219028434043497e-04 -3.623089411873500754e-02 2.701801506293358912e+00 -1.920303455285055083e-01 3.148413472280456316e-02 5.557014595957577435e-02
7.555279814944143232e-03 -3.358822091918262781e-02 2.704057578171369158e+00 -2.792026517733057767e-01 3.690639598049279962e-02 3.489926826739614407e-01
9.310537209448355167e-03 -3.825274945159499312e-02 2.704416871097809150e+00 -3.587192067850492484e-03 -3.905686548840167985e-03 3.801638736574464161e-01
2.923421566694124618e-03 -5.018552668486930823e-02 2.706401758822181591e+00 2.608059201500019797e-01 -2.911075161186035820e-02 2.418415256929730417e-01
-5.872364885271005516e-03 -5.727817070001408467e-02 2.718949909295329093e+00 2.235386300118599179e-01 2.606809960193278569e-02 -4.518518588509879558e-02
-1.113738466103907435e-02 -5.213367842658123141e-02 2.730861978030095116e+00 1.214915075400581357e-02 8.469698137277022199e-02 -3.016150671170661490e-01
-1.023934494928714460e-02 -4.081450326666465761e-02 2.743016135034164193e+00 -4.297222347464596526e-01 8.627073646129576612e-02 -2.467221984598751416e-01
-1.109127185842571917e-03 -3.822282321511488723e-02 2.748230916332556006e+00 -3.571463513477499130e-01 6.479523579116114318e-02 6.756286319702856091e-02
6.429870312198375515e-03 -5.608974648405087859e-02 2.745793447086459338e+00 8.824476257210338292e-02 5.941600002607073391e-05 3.888160074445651260e-01
3.764575696663982618e-03 -6.078971326839849310e-02 2.749545524901687799e+00 2.376556332136010030e-01 -2.344407160667668147e-02 2.803509170474104417e-01
2.812801027637298890e-04 -5.989305663149664671e-02 2.754914494706888206e+00 2.789446835026807570e-01 2.380714780833273828e-02 4.871962402127345826e-02
-4.273737812752531617e-03 -5.573347720262377542e-02 2.765116471970245016e+00 1.551385467332064005e-01 6.767932082127532667e-02 -1.754385301921139451e-01
-6.579269478711999297e-03 -5.037905312317903644e-02 2.768003293710247448e+00 1.448198225618365642e-01 6.697205318311702515e-02 -2.437293731546115727e-01
-5.616811364702420373e-03 -5.424068644639173931e-02 2.775594507389378407e+00 1.477676160825356078e-01 1.848781215350668930e-02 -1.051230045768069832e-01
-6.247507609003236095e-03 -5.261036753230655116e-02 2.790287088744491939e+00 -1.055015116108711654e-01 -9.121319462627456437e-03 -5.540965815978558806e-02
-4.884359323011303045e-03 -4.570204123405596786e-02 2.795263351764461390e+00 -2.237243013871167141e-01 -2.932577084882153837e-02 -4.839095230223640354e-02
-4.717341710248179609e-03 -4.458934253434967965e-02 2.793748171535376912e+00 -7.332800963143611128e-02 -2.576833022720562139e-02 -1.991834358224040813e-01
-4.050228273621780950e-03 -4.364145578973999823e-02 2.798483161604174541e+00 2.867739004632338662e-02 6.752572723366254137e-03 -3.003249362482408036e-01
-6.013373970330276874e-03 -4.582262304080474830e-02 2.809451844391780639e+00 -1.889852707120835001e-02 8.369717212501234099e-03 -2.688662399753931065e-01
-6.566487453518773942e-03 -4.887415393252277085e-02 2.814230354745610896e+00 -4.515319739263239790e-02 -1.515349168727413327e-02 -1.868266319583945789e-01
-1.365756248362118286e-03 -4.700275207565563634e-02 2.817220585887959317e+00 7.898620818909976582e-03 -4.000174057974081182e-02 -3.194958719367724156e-03
1.867674797341845050e-03 -4.552415177068534075e-02 2.822695401060798304e+00 5.980146713151803656e-02 -6.397520966425832012e-02 1.079960054258441021e-01
1.342398806405409317e-03 -4.264694869101519348e-02 2.828848503267252568e+00 -6.162233257943007698e-03 -9.466013196550726594e-02 8.366566086515529743e-02
-1.878598252128590995e-03 -4.268163802267816581e-02 2.838395858101854685e+00 -9.104930039491455906e-02 -1.130279831131223711e-01 2.385128379753052863e-02
-4.234209882578722842e-03 -4.444107837456577614e-02 2.845140363082350632e+00 -6.334551027205841123e-02 -1.188245925181529716e-01 -4.857200507115592980e-02
-3.677756372482861302e-03 -4.483611513607194121e-02 2.848646285393044764e+00 7.653422416497316673e-03 -1.282615152840571593e-01 -3.600170941599970670e-02
-2.378900983857290541e-03 -4.277106816199141570e-02 2.854942457539884515e+00 -5.076642759714368458e-02 -1.313105115181699145e-01 -1.322439628397823787e-02
-7.661368230150455982e-04 -4.222197144136744656e-02 2.856313566907815016e+00 -1.282129516168800387e-01 -1.100779934246020886e-01 6.598159778166710898e-02
2.023236278619944262e-03 -4.707124579887182747e-02 2.859365626889548651e+00 -5.005392596460435384e-02 -8.276535496044711004e-02 1.653315389305622385e-01
5.218993314294706476e-03 -4.874139855502582219e-02 2.860735581137056727e+00 3.017643978537564234e-02 -7.258182704547129493e-02 2.163899644879609951e-01
7.817761581525195513e-03 -4.613005559664784538e-02 2.856928264437136988e+00 -6.390192974161526345e-05 -4.025364199911390939e-02 2.079882267082863723e-01
9.529296208677096036e-03 -4.419241019530581460e-02 2.857574306139262887e+00 -6.161815832338433246e-02 2.032515156566068459e-02 1.468436920990553451e-01
9.063557403780009292e-03 -4.788832362564976464e-02 2.854170640306378459e+00 -7.258803263749660784e-02 4.673168301545570225e-02 1.284073026922381289e-01
7.223195113918168264e-03 -5.310359317940321899e-02 2.848634374322280394e+00 -1.112066353497047876e-02 4.659084328793470370e-02 1.695084627527677079e-01
8.245041033701383526e-03 -5.510808674513434369e-02 2.843711241130506551e+00 7.372423675981713831e-02 5.176131510679467251e-02 1.967567871011041691e-01
7.891749758132449166e-03 -5.233099011860434246e-02 2.837239450966727361e+00 8.159045346455842673e-02 6.430653429552381228e-02 8.158222159202735413e-02
3.936052899614239653e-03 -5.003617088404788138e-02 2.831116046298561173e+00 2.923003700011258740e-02 8.331046268213601613e-02 -1.040485775272771418e-01
-4.190041851241610438e-03 -5.271832531508924280e-02 2.826447573595586960e+00 -8.013236227638710629e-02 7.404859485307910272e-02 -2.619451156088466459e-01
-9.973858437940158472e-03 -5.414086096421777405e-02 2.826806185297073171e+00 -1.518310568199569832e-01 7.206853719116029788e-02 -3.721494246898415792e-01
-9.962443046167432370e-03 -5.245756023117759126e-02 2.823703871647197161e+00 -1.072330488121498310e-01 8.756991927216956073e-02 -4.188803327300081314e-01
-1.134800056437745147e-02 -5.212941541844434701e-02 2.809653186011871639e+00 -9.617653445151908703e-03 8.152010510297941215e-02 -4.665588782732361106e-01
-9.822990473082392898e-03 -5.059103557152871966e-02 2.802439817540559375e+00 4.987770327313049978e-02 7.977185222031589473e-02 -4.331848757042884301e-01
-1.089085724732916094e-02 -5.570297632148540901e-02 2.804391013230713270e+00 4.271571554002141086e-02 8.148498658581829202e-02 -2.988834696507545186e-01
-9.369130787398968763e-03 -5.770083142269333276e-02 2.798096119595257392e+00 7.537586550869271838e-03 5.936724278909107783e-02 -1.387713169845397332e-01
-3.040494269763382995e-03 -5.298864400409897257e-02 2.790253577757908943e+00 -1.712226962967422841e-02 2.814707551525331627e-02 5.523659706091258587e-02
6.490574236872326264e-04 -5.116288066775304122e-02 2.784463640686851704e+00 4.509113216010608716e-02 4.984655308961948202e-03 1.377630451539976764e-01
-8.045288813553763685e-04 -5.313862572608446522e-02 2.775775976134625012e+00 6.189211582376099446e-02 -1.999276653078796775e-02 1.097239457253024048e-01
-3.532085100362097885e-03 -5.228915603944267465e-02 2.771583274051778290e+00 -8.120538451453369541e-03 -2.940023672734392440e-02 4.024216085497489548e-02
-7.811696159244735371e-03 -5.172672730370792005e-02 2.772543284773931305e+00 1.450044849524799798e-02 -4.387864029118011128e-02 2.350541842060855507e-02
-1.563391825184434758e-02 -5.239694075521544869e-02 2.768209564694316782e+00 9.683716319124964500e-03 -7.218688256946616255e-02 5.698729613909461061e-03
-2.430965501589976707e-02 -5.316494263443466428e-02 2.766298284050733969e+00 -6.063727645537199396e-02 -9.561404832588778213e-02 1.536920145759772087e-03
-2.346001644953922549e-02 -5.322958989019183074e-02 2.763289497997519106e+00 -1.005902728727431361e-01 -1.194836109038746735e-01 1.437510795160674149e-01
-2.022903260027757166e-02 -5.133278425816462098e-02 2.756008318679661784e+00 -1.007955897512709253e-01 -1.351000689839367552e-01 2.447230529658306064e-01
-2.094713695627437033e-02 -5.202066318794457134e-02 2.745953567422219521e+00 -4.993497377898037382e-02 -1.054568697376697534e-01 2.367963978516260670e-01
-2.130102291260985159e-02 -5.249918367336514624e-02 2.734749179414549758e+00 2.972735017728351734e-02 -6.301716335306666028e-02 1.879629971510431707e-01
-2.392328049062064643e-02 -5.364865915477434744e-02 2.727974592050031788e+00 6.886831768497822526e-02 -4.309231569031678893e-02 1.442141085545971813e-01
-2.968370983121981777e-02 -5.369709784422171950e-02 2.719369820616918787e+00 5.176675768797783100e-02 -2.359103875257562502e-02 3.233999837240249947e-02
-3.353732128436007209e-02 -5.433514498162217432e-02 2.710365017312057034e+00 6.154626204655627014e-02 -7.926625328265997578e-04 -2.643725072162632708e-02
-2.960960554485778107e-02 -5.331617888204509548e-02 2.704633557093657714e+00 7.826601841647244651e-02 2.097963962721968029e-02 -3.017472381755209598e-02
-3.069427898869750426e-02 -5.261132201614110437e-02 2.701284728656929701e+00 3.102511045741470144e-02 3.521484596814222073e-02 -1.332473892692828676e-01
-2.483660022724240579e-02 -4.780731607557880958e-02 2.694834589749888210e+00 -8.652423672712748759e-02 3.483716174405027122e-02 -1.181928458222047118e-01
-2.422853655114745597e-02 -4.799006928636129210e-02 2.690233545145133576e+00 -1.684389333890977392e-01 2.251303320294882962e-02 -1.010546043029338509e-01
-2.804502573716989577e-02 -5.362010628424374037e-02 2.685491429848539724e+00 -1.442186710617553505e-02 1.214353352656261445e-02 -4.426422375049017532e-02
-2.615173264555695209e-02 -5.756651154512770763e-02 2.678893634814897950e+00 2.265165513108646222e-01 8.737669931887169852e-03 3.708000900576953474e-02
-1.907485914315061593e-02 -5.198735653787511790e-02 2.674750756501083515e+00 2.189363742025793313e-01 3.159339628158098611e-03 3.761215627636784603e-02
-1.963209674846429220e-02 -4.926904511102064843e-02 2.680767084189952243e+00 -7.352853628525931294e-03 5.643770267306791495e-03 1.530250750904540435e-01
-2.592628181289233918e-02 -5.174843844487381217e-02 2.685638298608438390e+00 -1.958629480676329915e-01 4.303724775502894978e-02 2.579763985920741631e-01
-3.048409840420705091e-02 -5.553499626027619263e-02 2.679277156592704046e+00 -1.590245604699566384e-01 8.743249385630179338e-02 2.263334147975260002e-01
-3.629729736941987583e-02 -6.161037355509080271e-02 2.670043282613377755e+00 4.489889981736584768e-02 9.322325155768468319e-02 1.413155562943325116e-01
-3.529294783726547036e-02 -6.169602721296818526e-02 2.660170063369633908e+00 2.204804370818176373e-01 7.943504099981714417e-02 -5.852887762555904899e-02
-2.496430142730354795e-02 -5.440371856164294417e-02 2.651831618442301419e+00 2.635846465875275046e-01 1.014261323276443444e-01 -2.208745928794902391e-01
-1.487430455159621800e-02 -4.517904201193873037e-02 2.655038178701403240e+00 1.383421226022029105e-01 1.440786869254290781e-01 -2.856972945252125862e-01
-1.332858456180763262e-02 -3.858473263467053493e-02 2.664416098007947653e+00 -1.125424341287356578e-01 1.622931977560874428e-01 -2.563112884223171517e-01
-9.328939547950443334e-03 -3.452658976023219306e-02 2.667316637554776548e+00 -2.651383732760354550e-01 1.412542990046357361e-01 -8.777793939840806969e-02
-6.417649587633800223e-03 -3.512386521325747135e-02 2.668249951279520360e+00 -1.804318252440718917e-01 1.047452004078119614e-01 5.169397644497509409e-02
-1.208904804712385150e-02 -4.461744875501560958e-02 2.676923455800306328e+00 2.445919295177742449e-03 1.033042844483503531e-01 2.826265300624395890e-02
-3.088749532632983907e-02 -6.731148337666525983e-02 2.706698581592036135e+00 6.979547854252998729e-02 1.302692627185360330e-01 -1.297357296868762722e-01
-3.961701439758513743e-02 -7.402923565649310866e-02 2.719244310925077457e+00 4.827273172859401079e-02 1.370899028880722959e-01 -2.170265593719524766e-01
-3.518489057060469882e-02 -6.840781339245466386e-02 2.714701156190017173e+00 8.240272370009228686e-02 1.303011384106840531e-01 -1.589568227758656194e-01
-3.127208879835174926e-02 -6.424596725269765551e-02 2.712554519701129152e+00 9.320662143168692571e-02 1.275295330292899598e-01 -1.051350020945884395e-01
-3.465576060924435708e-02 -7.081239459237362310e-02 2.708663135169658176e+00 4.711865423224010502e-02 1.149780953959589486e-01 -1.420089484992524166e-02
-3.657750485118760331e-02 -7.566823788632140446e-02 2.712165611290146217e+00 -3.046256094211218651e-02 9.587150849976054656e-02 7.801358551102807737e-02
-3.495381529321406333e-02 -6.999295964411106352e-02 2.714205692304574313e+00 -1.328929864281537809e-01 9.129031895718878187e-02 8.449768382443081927e-02
-3.191649545002173127e-02 -6.602649430201829039e-02 2.705797639844632840e+00 -9.162788504323549077e-02 6.586737245641217930e-02 1.118378721173118873e-01
-2.735564446253047066e-02 -6.340203257226012523e-02 2.702381292918943245e+00 -2.643125002998643336e-02 1.668963666683313807e-02 1.760493514687677674e-01
-3.178550404860436274e-02 -7.254803110567525914e-02 2.705289138055178455e+00 -5.251852252946147964e-02 -2.032025046908243759e-02 2.142249593868764679e-01
-3.723518862581709499e-02 -8.082365331703034173e-02 2.704359771387316869e+00 -9.366567200665480014e-03 -4.979244486371537520e-02 1.819603304583794767e-01
-3.542460527011703775e-02 -7.484509318224641383e-02 2.698673894712072752e+00 2.515306716927226752e-02 -1.030340508295008034e-01 1.776852643564539314e-01
-3.315802302825643366e-02 -6.688868688679661112e-02 2.697358450232741234e+00 -5.366843926182483793e-02 -1.335331683923065005e-01 1.625249630582146776e-01
-3.116406026300877485e-02 -6.562563116029307420e-02 2.701591930598254976e+00 -7.608111127362952864e-02 -1.200686206565827335e-01 1.609666879447612942e-01
-3.149953401576577328e-02 -7.289090184271518336e-02 2.700000767240055666e+00 -1.306492944242448710e-02 -1.331880834500333843e-01 1.321092876382168602e-01
-3.225141663930486402e-02 -7.381629555300917023e-02 2.699075240839050593e+00 3.142559451440656709e-02 -1.464307472123334009e-01 5.748105371660577195e-02
-2.975940478186611671e-02 -6.599531905715538826e-02 2.696550725631311707e+00 5.497664943655112407e-02 -1.315192408417459324e-01 3.653903029470096514e-02
-2.757136275880656129e-02 -6.528777259482687612e-02 2.695205389866998757e+00 1.300648544117852246e-01 -1.164478297749317881e-01 1.155143574293409914e-01
-2.301069897687391119e-02 -6.991595555334628731e-02 2.690851512560215042e+00 1.833351170949922004e-01 -1.225121398703454684e-01 4.107449421077501994e-01
-1.932583787567132561e-02 -7.392965650880883866e-02 2.695778976257486192e+00 -8.068950797969799693e-02 -1.291195264108327689e-01 7.061330018224454275e-01
-1.303053074120663624e-02 -6.482107322320500298e-02 2.701820867189525188e+00 -2.182647442539712157e-01 -1.458975977593678086e-01 8.271264317050439629e-01
-1.285491196031252059e-02 -6.519466820497765713e-02 2.694058697273504777e+00 8.183464219932481964e-02 -1.551330963229666793e-01 6.280600789500464520e-01
-1.973406884594819388e-02 -6.806578953367092844e-02 2.688394858306139668e+00 3.670484170509064614e-01 -6.309840587786710864e-02 1.951672528378317062e-01
-2.726624302999935967e-02 -6.819653191182445395e-02 2.689056988865644371e+00 3.314095379313911072e-01 5.680814460824986506e-02 -1.981183712341634540e-01
-2.491060550637458348e-02 -6.057520053009041172e-02 2.692711255197792752e+00 1.020129809403942794e-01 9.077929487842620326e-02 -2.177284923131329042e-01
-9.288078003760191770e-03 -4.964184952137151718e-02 2.695791330548985343e+00 -1.795394570881813368e-01 8.233141685260711440e-02 1.412627156199573186e-01
3.500799488545092153e-03 -4.456636023825311099e-02 2.698793590594902980e+00 -3.652740153128974931e-01 7.271138866510779009e-02 4.679280069031885314e-01
1.107005483806822177e-02 -4.668660874219006385e-02 2.699063507474306789e+00 -2.267804970816230115e-01 3.410440609853702260e-02 5.502763540219886007e-01
9.729949152722072725e-03 -5.301492644331479154e-02 2.695611637386917891e+00 -6.249366273279821637e-02 -2.084668548981082840e-03 3.410902730391772164e-01
4.522749483257815228e-03 -5.723897996908466901e-02 2.696949558415269621e+00 -4.176065636084676930e-02 4.450408517504702427e-02 1.384170259601419373e-02
-2.995585431871949922e-03 -5.958756770541151493e-02 2.699999193746265291e+00 9.233666641315588924e-04 1.167902960540102425e-01 -3.146141714460841121e-01
-4.324057158960226133e-03 -6.183616407225789313e-02 2.700272315523221778e+00 1.597391116900536145e-01 1.202211193068212641e-01 -4.215945256464156410e-01
-5.770409355043693012e-04 -6.063634165352171923e-02 2.701724339787148210e+00 1.875466796705788364e-01 9.340703525081020531e-02 -3.585300814918016554e-01
-7.737807868031243430e-04 -5.241710079862288429e-02 2.709475838471178122e+00 -2.746213480770616500e-02 6.671401249226864560e-02 -2.778774765637613831e-01
-3.164810138920337579e-04 -5.316908671296986799e-02 2.719332892718199446e+00 -6.558610432579559113e-02 1.101522848883033229e-02 -2.092393855237998923e-01
-3.187015056201225605e-03 -5.645108809658960780e-02 2.721146775187804678e+00 1.492734271115376821e-01 -4.347464832741718826e-02 -2.036231314484956700e-01
-9.452883254531752044e-03 -5.704043384921669846e-02 2.719707701906600050e+00 3.050125107243011335e-01 -6.101587898407893895e-02 -3.093719955676541566e-01
1.295184228811541161e-02 -4.479425453537713708e-02 2.724071963117182804e+00 2.418768614982757803e-01 -4.215265523795177355e-02 -4.801859324275659091e-01
3.409853036659704628e-02 -3.743952466017774761e-02 2.733400258478553724e+00 2.697816662735404505e-02 5.818446322344505810e-03 -5.439752541840302547e-01
1.707048954294121401e-02 -4.065139371976111970e-02 2.745372560835335207e+00 -1.899418173785535069e-01 4.775286421492013628e-02 -4.544278574445980157e-01
1.240604059196170894e-02 -3.686215961894412363e-02 2.756094450266033391e+00 -2.550788120106062817e-01 3.815183110903677677e-02 -2.118403176819876055e-01
1.925563290478482514e-02 -2.335005902794806687e-02 2.756324412406996771e+00 -1.906339202135650390e-01 -3.688076038628427394e-02 1.428464047067388443e-01
1.902185679006929142e-02 -1.573602027879554555e-02 2.752282067610195782e+00 -6.986105714578196013e-02 -1.407752237313795174e-01 3.101390645764527387e-01
1.044494910746274208e-02 -3.226453628245634642e-02 2.756856667135139105e+00 2.423356615981980544e-01 -2.161372724422206959e-01 1.707659388649754029e-01
4.200057898868791995e-04 -4.376650212672916762e-02 2.760658322147037325e+00 4.928465359362830256e-01 -2.069160923058033508e-01 -3.657777482978213229e-02
-6.702962742821783060e-03 -4.023916639348257274e-02 2.767898980301168876e+00 3.111448831242001889e-01 -1.204905577670473127e-01 -3.346036256572990086e-01
-1.174442424076954650e-02 -3.295949199949044228e-02 2.782789601508937949e+00 -2.692506502305425792e-02 -4.169514783246452971e-02 -5.068898909210282078e-01
-3.272329449188760009e-04 -2.744445206458112629e-02 2.789902421240128660e+00 -2.558888544133814391e-01 7.908724974614150457e-03 -3.311402453652105282e-01
1.015017220881792026e-02 -3.188407422346051234e-02 2.795164857741951892e+00 -3.008619286568701146e-01 3.866127539394209611e-02 -1.433788655772124110e-01
4.745538635108514924e-03 -4.683098030638566112e-02 2.801076861924428840e+00 -1.714353763366248951e-01 2.788037103816138479e-02 -8.447573940558946587e-03
1.535721075293650095e-04 -5.392429132478043785e-02 2.806069135031464157e+00 -9.143279332115918090e-02 1.120610093029698493e-03 1.224436963960452845e-01
4.113149142221717014e-03 -5.539389747216733051e-02 2.812526795617003472e+00 -6.979635757830701670e-02 -4.025940883445119564e-03 2.339544898971120945e-01
4.540818328514717450e-03 -6.031445828020121080e-02 2.816481867129510874e+00 -2.556704823472758653e-02 2.092388621134718893e-02 3.009749542331869865e-01
3.219497237171464743e-03 -6.586643867815689113e-02 2.826850812899209586e+00 -5.552446362420705023e-02 4.078036646407964122e-02 3.244440544194158726e-01
3.125191827036244430e-03 -6.551980596955625513e-02 2.837852876303685434e+00 -1.583907285543112997e-01 4.345054612488254836e-02 4.051163970778373646e-01
-1.861492484887761201e-03 -7.544980130879136437e-02 2.841071331996545268e+00 -1.052717455864854434e-01 3.733953411488034196e-02 4.303485910783997337e-01
-1.116517373889658327e-02 -8.506346671660192094e-02 2.841599453079908244e+00 2.401405552571885815e-01 2.384326753882327898e-02 9.081470486054071811e-02
-2.641815303848660257e-02 -9.676024983451192440e-02 2.842922668973585587e+00 5.641421244405507851e-01 3.811812668408889881e-02 -4.800410744593344714e-01
-3.974020724164006868e-02 -9.355945881880980974e-02 2.856178021734251615e+00 3.510414611529358297e-01 9.537937690640344024e-02 -9.090379121468893375e-01
-4.163762289835748476e-02 -6.617129072820060465e-02 2.870966934696696171e+00 -2.136728526817500418e-01 1.460855149665848673e-01 -1.009845125090248263e+00
-3.053729915023217778e-02 -4.603094731397927575e-02 2.875476914909881998e+00 -3.800090602282797936e-01 1.218243888176467893e-01 -5.597448537242222244e-01
-1.426006718509653659e-02 -4.143096728674300344e-02 2.875675172556725556e+00 -1.350042549518165602e-01 1.282114197986085856e-02 3.164349688298148666e-02
-8.856582103630161740e-03 -4.808178546494913663e-02 2.885801820502479131e+00 -5.875131869258340888e-04 -9.740402263142285133e-02 2.938808715881014999e-01
-9.576861741604325573e-03 -4.641986474267959656e-02 2.897496267773902900e+00 1.151988170680264033e-03 -1.313363225660905687e-01 3.192997458321867321e-01
-1.145276456674482191e-02 -4.547122821752121874e-02 2.904880796085080874e+00 5.473958215374017527e-02 -9.383352876352647753e-02 1.213480538439507955e-01
-1.487164862657985864e-02 -5.764274918066440018e-02 2.916975880346143413e+00 4.267072468775619937e-02 -3.547934211660497966e-02 -1.036065493910744290e-01
-1.789972728543265390e-02 -6.446083223870174850e-02 2.922129956147244911e+00 -6.382888722837178064e-02 -1.336523263084636939e-02 -1.546500905930720815e-01
-1.677333825690241476e-02 -6.658214020394478960e-02 2.929326573315364612e+00 -4.822380847963023132e-02 -2.065212642828032422e-02 -3.807401510662880573e-02
-1.090007469403841966e-02 -6.851056094564951515e-02 2.941075988274860720e+00 8.823673706978193976e-02 -3.602334495922851487e-02 5.787113899150547747e-02
-4.582119193264344581e-03 -5.885203958016009540e-02 2.947300214003632846e+00 8.592605881170939375e-02 -3.367571142009614937e-02 6.716007435514959045e-02
-8.081283395285465687e-03 -5.335530165100377253e-02 2.955570614680539165e+00 -1.409762742146253127e-02 -3.689080784554082254e-02 2.283263190584397528e-02
-1.543013348942268159e-02 -5.810216216928543176e-02 2.957771692020060073e+00 1.182186963456598877e-02 -4.540026820995873846e-02 -2.202709350633079780e-02
-1.383682384704887358e-02 -6.205509481855731035e-02 2.963462235752984952e+00 4.701708165503809544e-02 -3.094483032964003705e-02 -4.742330433895499721e-03
-1.076064472658644355e-02 -5.685085311486043347e-02 2.970296143102103770e+00 1.234572964923590088e-02 -3.117227196812495660e-02 -6.586864124836139256e-02
-7.573767478648352203e-03 -5.134558306355052615e-02 2.973705700764014637e+00 2.006866060793701528e-02 -3.940231488866809129e-02 -4.248324506487035496e-02
-3.811263444817525325e-03 -4.952126700035247575e-02 2.979802268461952508e+00 1.687558629190666348e-02 -3.471385104692191470e-02 -8.340486429933442400e-03
-9.034771886905490490e-04 -5.054805049413269025e-02 2.981428625654103826e+00 -1.427913651414367685e-02 -2.123500605215918741e-02 2.526741231879017086e-02
1.400482238986811012e-03 -5.124539454035859087e-02 2.982123615350616319e+00 2.865390452787371783e-02 3.832997673274324735e-04 1.259858112237035865e-01
3.413007303599002729e-03 -4.452732108893753260e-02 2.985300567357114687e+00 1.636276793785280612e-02 1.593665258073272140e-02 1.367606057418565280e-01
5.188442557791994592e-03 -4.160688191321093576e-02 2.991125257224922507e+00 -6.307863373290953368e-02 2.091794047140565355e-02 1.559199825501662029e-01
3.229980459462100661e-03 -4.733283774055729864e-02 2.992522773739409558e+00 -6.789044411207333096e-02 1.077791146620414933e-02 1.001476391973661617e-01
-1.948762597599074109e-03 -5.635584064277809890e-02 2.996997832259637562e+00 -1.582377143175985740e-02 -5.394182214459902931e-03 -1.247740130126965587e-02
-4.448315518690015846e-03 -6.292175816885936523e-02 3.006879369722327056e+00 7.985004910588280880e-02 8.017542320738896278e-03 -6.111025223428400571e-02
-4.750703193422300963e-03 -6.282368792242493116e-02 3.010990182997602460e+00 2.510338595006401594e-02 4.305228665690801620e-02 -1.124993234534470282e-01
-4.866405988090516388e-03 -5.727500022565990001e-02 3.015859608693887139e+00 -1.847880232609078188e-01 6.654108144850780227e-02 -9.122962586497522508e-02
-2.507884037030283508e-03 -5.626915185229658389e-02 3.021406915787082426e+00 -1.613233219643474547e-01 6.571076966382927154e-02 -2.857045275492691491e-03
-2.792535397330597746e-03 -6.355683992685118300e-02 3.026961535535974690e+00 6.904931114003765025e-02 5.685345888932166747e-02 1.237506281129088738e-03
-2.930133797900746906e-03 -6.551380612900825628e-02 3.030736678597037326e+00 1.693573379717639993e-01 5.949207264985018756e-02 -1.209934518991746637e-02
-2.074234455565093782e-03 -5.568481132676117440e-02 3.035838074230696293e+00 5.199484895249618932e-02 4.953040873322160642e-02 -5.703409641855052697e-02
-1.138704529601852755e-03 -4.832621418354748899e-02 3.045810879655959980e+00 -8.000806473038078737e-02 2.093186217469170454e-02 -3.103280411908650518e-02
-8.193513235115190696e-04 -4.885096243131553662e-02 3.045190831976213985e+00 -9.625754523355069259e-02 -1.442414221345388395e-02 2.347705695838311207e-02
-3.448567233407251464e-03 -5.325094761830037604e-02 3.048736237191690179e+00 -6.116114274096634551e-02 -3.083051402420425302e-02 -2.333894157408016382e-02
-3.395933882014201544e-03 -5.355163384592341591e-02 3.055894761660880476e+00 -2.420422668713844913e-02 -1.073421902386044111e-02 -1.027900926151414929e-01
-2.132848279178700679e-03 -5.015444020415321669e-02 3.060581288265098010e+00 -7.134072963746893904e-03 1.403331127703654792e-02 -1.402098941564112466e-01
-1.756483330084268601e-03 -4.890076942709817298e-02 3.064378730173473286e+00 -3.075129219011978055e-03 5.261760673721898457e-03 -9.059378218843107400e-02
-7.843208874391827123e-04 -5.103501739851001862e-02 3.065980200558669821e+00 -1.967903563870495795e-02 -5.915539812360358710e-03 5.602630853173504871e-02
7.064495288036098941e-04 -5.503961399113277420e-02 3.072679870319177553e+00 -7.020933410555336984e-02 -5.313645580077895961e-03 1.762407621281742442e-01
2.592861165927606848e-03 -5.553551855718524832e-02 3.077268513639978664e+00 -1.103397890044442997e-01 -2.508857257192994086e-03 2.475536663249560954e-01
4.488908531958157866e-03 -5.629803061019067467e-02 3.073925258315114206e+00 -1.383812038689446848e-02 -1.494215208917453776e-02 2.500499481154924708e-01
3.045479632487690935e-03 -5.773617721455581719e-02 3.072667920597780267e+00 1.255887976848618914e-01 -3.426937471246981753e-02 1.585982264474793124e-01
1.583486858611982129e-03 -5.992674440978129624e-02 3.075995203147442680e+00 -2.268476706971725779e-02 1.681511443729495625e-02 1.819863954546513396e-01
-2.703280116039707970e-03 -6.371670762218578643e-02 3.084059177327389989e+00 -2.484933288775501292e-01 5.859626723423604078e-02 1.717718927478954216e-01
-4.269735629434556756e-03 -8.029869486223040198e-02 3.086610235575278693e+00 -8.731737199403595551e-02 3.318524253168404076e-02 1.717688960339324167e-01
-2.755169977547433646e-03 -9.194270844965712897e-02 3.080085840160506905e+00 1.456207881874950760e-01 2.375059874046715411e-02 1.602123367350938576e-01
-6.620879108486299458e-03 -9.000801283725867741e-02 3.078659990970265881e+00 9.285499432294223865e-02 5.350956472352711574e-02 -6.933826234518269092e-03
-1.001528074864355133e-02 -8.949719329114558253e-02 3.080573174057747110e+00 -1.706649062217459323e-02 9.911948702665630828e-02 -1.401139880278959304e-01
-1.118815517099669421e-02 -9.152660201787377048e-02 3.087571346816503137e+00 2.106112282624745050e-03 1.171883795317973237e-01 -1.817633339465697939e-01
-1.260259942299191138e-02 -8.959059992554563312e-02 3.088440960811851710e+00 2.892404303309193195e-02 1.102991144910602378e-01 -1.654986922386569304e-01
-1.715089266380465105e-02 -9.689998295196144973e-02 3.088333567481242881e+00 2.559736657606080310e-02 1.005719808114882846e-01 -1.115645993022625626e-01
-1.758190159435946143e-02 -1.021560139492267982e-01 3.087729382353757046e+00 5.518043277052039897e-02 9.346531495314840121e-02 -6.345831585078906545e-02
-1.471846792910280755e-02 -1.002184670182875159e-01 3.091395996527637635e+00 6.075539996369120482e-02 1.000619626313347249e-01 1.094568037395416034e-02
-1.121748674115741196e-02 -9.333348281552134029e-02 3.100504044869921927e+00 1.672055554412196429e-02 1.000727414757255906e-01 6.485470248503011348e-02
-5.972072678468443030e-03 -7.850856294717090123e-02 3.104727167818964517e+00 -8.483304129614648026e-02 9.080406738233208486e-02 8.568576987972120751e-02
-3.446882109402249483e-03 -7.275736544597921629e-02 3.104770034344028318e+00 -9.962480010747522263e-02 6.247227302870747567e-02 1.330882851304068804e-01
-3.794698669386864509e-03 -7.472224236364177763e-02 3.095595879947609319e+00 1.106910090662597407e-01 2.316623095689265138e-02 1.199286740042120325e-01
-7.001280876795412667e-03 -8.303230333297495491e-02 3.099319400033778038e+00 2.819574040226485723e-01 -1.717089045571634429e-02 9.282387427843898087e-02
-9.468925207453793291e-03 -7.872792327733812989e-02 3.108278942375477527e+00 1.642784558167936504e-01 -6.883617521704639419e-02 3.578762209219862878e-02
-1.046563719132720394e-02 -6.742224098787830133e-02 3.110642902734696236e+00 -2.185198203905691638e-02 -8.885527401844790785e-02 7.379785513182482437e-02
-9.116756347821386441e-03 -6.197182623731267714e-02 3.115845908747076010e+00 -4.078148631056674120e-03 -9.868482758484432849e-02 8.652751230745718558e-02
-9.769008026351500007e-03 -6.643553429957238521e-02 3.121485750358999667e+00 5.046134004828194131e-02 -9.036349674627740247e-02 -2.086271138026643546e-02
-1.101531040231629177e-02 -6.965796166980309234e-02 3.131707337898603782e+00 -1.372876457720347866e-02 -7.279031828071425014e-02 -1.778029208907997219e-02
-1.204890201213659751e-02 -7.159465431014688797e-02 3.140915869623256640e+00 -4.701422689554355522e-02 -8.929869179927282796e-02 2.304139716169860061e-02
-6.379181280248502617e-03 -6.417259934350172390e-02 3.149693715105854608e+00 -6.266269400119944821e-02 -1.079114331755572365e-01 6.231147409462030329e-02
-3.615309925789844669e-03 -5.706335566491471667e-02 3.164563941548976800e+00 -1.343990701927780251e-01 -9.122373253033445872e-02 -5.430385493935487723e-02
-5.257801403252049255e-03 -6.135064164901216088e-02 3.170993927003792123e+00 -1.224701358021259567e-01 4.280084077325448967e-03 -1.216090778233769598e-01
-3.339747803990711361e-03 -6.985745281830280096e-02 3.176295243454262618e+00 -2.457959396569983895e-03 9.191709361054033189e-02 -6.324792075885249387e-02
9.648270875395326129e-05 -7.018570632670040332e-02 3.188385883652472330e+00 5.620230337060365400e-02 7.745948908101474295e-02 4.099769132991450821e-02
2.836427998476498402e-03 -6.815088753781911590e-02 3.195661525542334402e+00 7.568274428794073694e-02 3.171279983923734613e-02 1.726904713991258278e-01
1.416498862703008399e-04 -7.120973364124119631e-02 3.202182549686597213e+00 1.607759889009324483e-01 2.674989048943238884e-02 1.940079035797393492e-01
-9.414793215428929329e-03 -7.791432944712117781e-02 3.210385215536575743e+00 1.673606377673144685e-01 1.684201994868162258e-02 1.103924924725435130e-01
-1.767885265050006538e-02 -7.818522916173442638e-02 3.221689536174665136e+00 1.083811756435909268e-01 -1.217396827358818018e-01 -1.553111671826251823e-02
-2.555279807651089641e-02 -7.449746409965118943e-02 3.225802688964847675e+00 2.798744336002028515e-02 -2.447191108230959145e-01 -8.394449779970002135e-02
-3.191599734846795045e-02 -7.380200631782907195e-02 3.235351719136474458e+00 -2.045635390163118850e-01 -1.462616169474381111e-01 -1.532528742251302312e-01
-2.305655170820819500e-02 -6.906713985126389233e-02 3.251062192716062782e+00 -3.690720209625028003e-01 6.372799526953880876e-03 -3.023967917262623470e-02
-1.237946618379037744e-02 -7.685122837460439671e-02 3.255962670486837851e+00 -2.366420076509316295e-01 4.160494616882065566e-02 1.299362322904400457e-01
-9.849281761818096115e-03 -8.482526709147397703e-02 3.257007233789067868e+00 2.685182042126336294e-02 2.783189723807673668e-02 1.421547931997738101e-01
-8.050776202790821401e-03 -8.432485396538735856e-02 3.257951990474964532e+00 7.321049202825020974e-02 3.514234676432503174e-02 1.263124886207292741e-01
-8.857052886103833345e-03 -8.066746032355209817e-02 3.261257372384420705e+00 -2.599187141421626171e-02 3.095690264778394943e-02 3.693386014524542571e-02
-9.819366957196651313e-03 -8.416562224447909912e-02 3.257246216608223222e+00 -1.227888608817780287e-02 3.944458202309623907e-02 5.847560240987000014e-04
-1.116636200277332236e-02 -8.776353993091956518e-02 3.254100505340318250e+00 4.635406359175734542e-02 5.553741604650975355e-02 -7.480023980666000716e-02
-1.251762467120509648e-02 -8.996114706244051629e-02 3.257708326339241012e+00 7.833438484454871564e-02 6.590285108983236217e-02 -1.277063216811072099e-01
-7.136507289346338823e-03 -8.584416692353963318e-02 3.255896720753924001e+00 -5.915537859010419619e-02 8.711018965259099966e-02 1.880480044403979450e-02
-1.022168868821893284e-03 -7.536227007287124580e-02 3.253212246356554260e+00 -1.665728737616751221e-01 5.668917450763626131e-02 1.149889299494371991e-01
-2.708486198407467072e-03 -7.470628163267845068e-02 3.245093063455328775e+00 1.979971271069621772e-02 -1.010107493782677786e-02 1.217477312135137046e-01
-7.975982775985990259e-03 -8.282634828141510752e-02 3.238257178958974691e+00 7.769315210206508004e-02 -1.714505315970221017e-02 2.444642580802195916e-02
-1.319807937591077618e-02 -8.518727667466108322e-02 3.232819543758466807e+00 7.196473628278338142e-02 -5.463241447781681283e-03 -1.830195046719687302e-01
-1.399837837665840468e-02 -8.601453923826096748e-02 3.220203468103647992e+00 3.251837795445168822e-01 -4.848616698248879586e-02 -2.050740536734133590e-01
-1.352737462973951921e-02 -8.402624133440916854e-02 3.218616524165668125e+00 1.827072866376453775e-01 -9.204142982516959337e-02 -1.591716014766674236e-01
-1.298160966604022803e-02 -6.758530577934407368e-02 3.219237294581887454e+00 -2.610598389738174596e-01 -9.976969861557281882e-02 -1.220781576602102680e-01
-1.082765843089661395e-02 -6.199908576642942926e-02 3.225243386435295179e+00 -3.824317508085022244e-01 -1.108031798659933342e-01 -9.937621544278041341e-02
-8.393318193550269868e-03 -6.095142189314622927e-02 3.224031241246905211e+00 -1.139492721550440651e-01 -1.301853526114175597e-01 -9.588826832263595834e-02
-6.440094785834515889e-03 -6.479945014464760789e-02 3.206046413387412031e+00 1.888731734822386987e-01 -1.736506953202603953e-01 9.306120635184078269e-03
-4.424342233193434559e-03 -5.851399080419361631e-02 3.202433678145837348e+00 2.688868570807215891e-02 -2.131444084962466345e-01 9.430748072904809876e-02
-2.821189394774992198e-03 -5.862733666969077717e-02 3.202541187966971847e+00 -1.397268851392575728e-01 -1.656510225335707243e-01 1.504714930623524405e-01
-1.914358721376241412e-03 -6.784769625404185600e-02 3.197642497312131127e+00 4.966934818534979486e-03 -8.208962410632628104e-02 1.090360297484042756e-01
-7.389060596178720353e-03 -7.588661468885793404e-02 3.192487211592947460e+00 1.063185733814839967e-01 -3.758271791078470619e-02 5.374750263615919038e-02
-1.170048812053270382e-02 -7.653585796773187955e-02 3.193069211151453146e+00 4.834325012127610455e-02 -1.377007800841498382e-02 4.165159793244103265e-02
-1.231549037508172795e-02 -7.552457754835284476e-02 3.190040310093934295e+00 6.776351969894996684e-03 5.624636971973716922e-04 3.206035892624028300e-02
-1.277625664941628436e-02 -8.187982511271096886e-02 3.184327791571547550e+00 4.459637584553692580e-02 -1.931250264285336695e-04 6.546132078989666536e-02
-1.222233700245145549e-02 -8.282630383107503214e-02 3.183837140065520543e+00 7.243152033528896250e-02 -9.258848773414785419e-03 4.766594671406569617e-02
-1.333017380460810308e-02 -7.885606852256488164e-02 3.181692500428937365e+00 1.747146008560038905e-02 -3.094194696966887179e-03 3.900784491520256636e-02
-1.452966736414107451e-02 -7.475083167246200644e-02 3.181951622730423423e+00 3.706385516718218448e-02 8.294854423493343634e-03 3.719925316203362767e-03
-1.294576209929343413e-02 -7.701489072647019207e-02 3.176516509132454757e+00 1.276986136568798724e-01 7.499462550523905251e-03 6.228745406849169053e-02
-9.698012015008083964e-03 -7.533108567708496350e-02 3.183080684024787388e+00 -1.461001048162249849e-02 1.076193310838519622e-02 1.648660074859159552e-01
-1.336784783297462198e-02 -7.297364717402710088e-02 3.194983470669853887e+00 -1.508766012855982941e-01 5.766420554670353017e-04 1.733934834187928486e-01
-1.562750394941947452e-02 -7.345426313230586646e-02 3.194475112403267758e+00 -2.597471628447464015e-02 -4.250815678806369423e-03 1.269910463250177035e-01
-2.108157545607824979e-02 -7.878563878752620209e-02 3.202806714313908287e+00 9.031112638581166585e-02 2.377551394197144341e-02 -3.251007464928378637e-02
-2.678650566254403564e-02 -7.877849069529475889e-02 3.194276781674716403e+00 -2.173001286336861265e-02 4.921219557134005884e-02 -1.789645825599703588e-01
-2.885214220113729855e-02 -7.833296184803281714e-02 3.228938980963960148e+00 -8.893218460614191190e-02 5.675355534618360676e-02 -1.915626988368773487e-01
-2.801835321396883849e-02 -8.364859490087112048e-02 3.250017744347132975e+00 -2.581818122787831165e-03 5.001138296845850095e-02 -9.954393294332651576e-02
-2.375770511911939886e-02 -7.897278181386485629e-02 3.165673190936331594e+00 6.017485300690818967e-02 3.436068638644241419e-02 -1.272336196950185974e-02
-2.066162614486954929e-02 -7.463958834371686724e-02 3.161980478154760021e+00 5.987099781399530390e-02 2.932119038513323131e-02 1.063574578089274006e-03
-1.496434893683754042e-02 -6.909935616685730642e-02 3.211826090359807040e+00 1.723457516473891893e-02 2.897450643504285994e-02 -3.117435434172030964e-02
-1.320388105566783210e-02 -6.791612603704946793e-02 3.219836273037230967e+00 -3.667857676096157420e-03 3.077098678468286400e-02 -8.797301986143012120e-02
-1.552498250221143877e-02 -6.929829402919479575e-02 3.227338532109001790e+00 -4.815823397446990922e-02 3.660180443191686506e-02 -1.401272444366328807e-01
-1.679926798481878869e-02 -7.272335929922142672e-02 3.233726310741303678e+00 -6.131414591495488835e-03 3.399340384703051360e-02 -1.401498125270913830e-01
-1.620609845912868163e-02 -7.506545572963344015e-02 3.230967291106480843e+00 6.879078251613306161e-02 3.078956628539278317e-02 -1.155902183508054348e-01
-1.574203455672557039e-02 -7.411703915591463798e-02 3.227008754299674820e+00 2.808849629776470624e-02 3.415782301299096629e-02 -9.230202921114948056e-02
-1.410699186604558175e-02 -7.045832731716039632e-02 3.234547222831281488e+00 -5.814376729387280701e-02 3.316183032766495398e-02 -1.141912488975159318e-01
-1.226359551552447247e-02 -6.556652461626094608e-02 3.238134508318012195e+00 -9.381227742981124162e-02 3.676522839771109719e-02 -1.359497313418468745e-01
-1.072157931727490965e-02 -6.547345713039146031e-02 3.250173087317989484e+00 -2.909371203750686467e-03 4.462715343143037333e-02 -1.024350048328741963e-01
-7.696555743385791182e-03 -7.047465462723390139e-02 3.251924242215409322e+00 2.993609850089627711e-02 3.673817581999413995e-02 -3.916000493289820139e-02
