-1.546481773466290956e-03 1.995499835926931378e-02 -1.310617399450475062e+00 7.599241479008925215e-02 1.204493193766177812e-02 -5.179406994258398123e-02
1.594736031972046782e-04 2.626164337672403162e-02 -1.314609722467008801e+00 3.063347789471708785e-02 1.967508441582375284e-02 -4.258904266298747798e-02
-2.481250685785820441e-03 2.170928367814274618e-02 -1.316418022332997317e+00 -7.585414258985843927e-02 1.029431195369891888e-02 -1.012575612193326730e-01
-1.505928186469504028e-03 2.288927647395752607e-02 -1.319268007193787007e+00 1.591483754575319376e-02 -5.088591161865162714e-03 -1.273176955932595229e-02
-1.987958669241181309e-03 1.880497464186691586e-02 -1.320591074654289265e+00 4.736183812966453938e-02 -7.462579681732473859e-03 -1.664747591611551517e-02
-3.863511530440380884e-03 1.871700376267649082e-02 -1.327089882252904474e+00 6.037859745163767083e-02 -5.925818591456672932e-03 -9.053873913764325099e-02
-1.438818381230026408e-03 2.098984970029573946e-02 -1.330119674327729484e+00 5.099440757185447898e-02 1.007082762389804355e-02 1.829419599044147804e-02
-4.594354397909825027e-04 1.944820484512792269e-02 -1.330634014025294576e+00 -9.828640160599637354e-02 1.558116884396339857e-02 3.179838849764118902e-02
-3.099410024465475144e-04 1.264376102099367544e-02 -1.334640662108352416e+00 -1.519588744991579587e-01 6.415451674963836524e-03 1.566312636328719976e-01
2.512603019813593880e-03 1.098946808300359235e-02 -1.337842797207972723e+00 -5.396516448586845954e-02 -1.928685465053688736e-02 1.975013573243359910e-01
4.503935333107222071e-03 1.707663727561119227e-02 -1.338431236920884615e+00 8.367988461695253025e-03 -5.225856268257569881e-03 1.386622385143197467e-01
3.359846461507338955e-03 2.067915548292422606e-02 -1.350199916746454676e+00 4.051816297689795482e-02 -8.067696494028886445e-03 7.033173611231330336e-02
-1.608141849813137826e-03 2.104004778647014864e-02 -1.351524977375316183e+00 1.515710065684234831e-01 -2.304417848441599193e-02 -1.259854767939651565e-01
-4.388583676350688717e-03 2.274478499760600181e-02 -1.352391009641706887e+00 1.278241394503416561e-01 -1.244234464335565622e-02 -2.231317817999103892e-01
-4.508975032115532591e-03 1.865516334275578447e-02 -1.351977982528556055e+00 -1.241982651906261975e-01 1.685526241129147937e-02 -1.570593325326863909e-01
6.720023562885278634e-04 2.244561696040301563e-02 -1.354582835195486723e+00 -1.366970937789552532e-01 1.152926590766604510e-02 -8.487240302083083610e-02
5.556710926262586024e-03 2.628460456891722891e-02 -1.364535022871109504e+00 -8.691736265809252293e-02 -3.729230089543512233e-02 1.301762923301819641e-01
8.302200407851477448e-03 2.353665133587931613e-02 -1.366359188965809324e+00 7.442998898241970362e-02 -4.717071456903110943e-02 1.715054439573881484e-01
4.980701396168012163e-03 2.940843302333270848e-02 -1.376433525998759677e+00 3.550380818223549673e-01 -3.988515439793709899e-02 7.485869173174262980e-02
-1.381450497856123727e-03 2.589501377828737350e-02 -1.371506096960757759e+00 2.216625399418248321e-03 -2.448497347868336393e-02 -1.428224551334255354e-01
-4.191394358481460858e-03 2.816483540719466605e-02 -1.374332114279269490e+00 -9.039931156997907391e-02 2.405230213483807930e-02 -2.460318053064528276e-01
-4.423737134079397393e-04 2.477391275730289610e-02 -1.375372392806127664e+00 -1.473743988225218460e-01 -1.138390140501524669e-03 -3.435292351521380960e-02
8.030494949608918409e-04 2.486983648867815630e-02 -1.379747260730461278e+00 -1.315636888445854968e-01 -2.282670072680377873e-02 -1.425297969172006560e-02
5.577179073835841772e-03 2.395962597147785478e-02 -1.385494056248617767e+00 -2.379237941786051594e-02 -4.437136009444504064e-02 1.898646895958814584e-01
3.500382781818356381e-03 2.237851541160890134e-02 -1.382573276985475275e+00 -1.212374233369786086e-01 -2.238591385755992966e-02 5.393976569499513152e-02
3.031482883477765178e-03 2.535523449677609675e-02 -1.393139487195021786e+00 -2.656775968855691963e-02 4.144173123631967638e-03 5.122018104084279794e-02
2.844619963785835481e-03 2.918647730329342743e-02 -1.397108889353695815e+00 1.320736375477685742e-01 4.993171649419754325e-03 4.196759877559136029e-03
1.184027761707298620e-03 2.519256177477770600e-02 -1.398004292574256624e+00 9.167358145664422642e-02 2.415022447358325386e-02 4.430029636108395730e-02
2.222310096926055634e-03 2.342877031652243480e-02 -1.395678398309136981e+00 -1.825752106350932158e-02 1.349034250030393565e-03 1.549236626130070793e-01
1.793387172795452011e-03 1.908129420011974928e-02 -1.402821858438301206e+00 -1.043332489169834267e-02 -7.979498780154629933e-03 1.454048890369935565e-01
4.447944147644447566e-03 2.697453810916736888e-02 -1.406623666040353271e+00 2.929351174374390451e-02 -4.044623359282707871e-04 1.234626432940055252e-01
1.624535256088258106e-03 2.374340517773797579e-02 -1.407575167681116568e+00 1.587560713663339548e-02 1.544493994884306790e-02 6.337600486574354597e-02
-1.649245863742293539e-03 2.345670615274948745e-02 -1.409641951434707607e+00 -2.379913319852807602e-02 2.453094735564451470e-02 -6.018014543613467437e-02
-2.333548637371063439e-03 2.001130154637160985e-02 -1.413082508430356654e+00 -3.608146515076934846e-02 3.936935103819093340e-02 -4.786713796014990807e-02
-2.268734060699470305e-03 2.190029386229682892e-02 -1.415773501746421914e+00 4.215166746156942534e-02 5.526451399568134415e-02 -3.581737159402270665e-02
2.352971775337886484e-07 2.408214871223747500e-02 -1.422571373339067691e+00 4.888681539368359974e-02 5.777068168175122920e-02 1.209850681284493044e-02
-1.717280686760191966e-04 2.314642091085673120e-02 -1.422527599076289562e+00 1.454659639721877368e-02 6.100319333362221041e-02 3.659020284172193743e-02
-8.838065056349653226e-04 2.186162067550560112e-02 -1.426118136375706058e+00 -2.216237367325504456e-02 6.724898415989519207e-02 -5.820082096960516082e-04
-1.687717681248812607e-03 2.162382758270688099e-02 -1.428814059754799359e+00 7.295973236435174258e-02 6.404906705407450995e-02 1.383713125938887401e-02
-1.863084886290167219e-03 2.560789848728498019e-02 -1.427417452176115376e+00 5.511542749060281687e-02 4.618948752958957488e-02 -7.963407359276414299e-02
-3.276249786824447785e-03 2.409224612313690117e-02 -1.431899488133566933e+00 -5.249343488815265239e-03 3.672718466074818139e-02 -8.562101779017501635e-02
-4.540687660306741424e-03 2.378128176354157852e-02 -1.428844398887370915e+00 -2.514746344911410539e-02 3.577780275073555449e-02 -1.307911494661969376e-01
-5.038533796754840477e-03 2.174876489383642530e-02 -1.428088654024875837e+00 2.507545491550244865e-02 4.418605923952528998e-03 -7.721272715285969201e-02
-4.005588469741139246e-03 2.462329903582549662e-02 -1.429451907527642618e+00 3.656141611801709546e-02 -2.463510766610092426e-02 -6.965556167770776963e-02
-3.198140342142274939e-03 2.599546287646137266e-02 -1.424676625239591488e+00 3.610444975312457339e-02 -2.197771874538195086e-02 -5.879533788845121151e-02
-2.212041332970593466e-03 2.829504040306621282e-02 -1.423939723587238859e+00 -2.487125325707323364e-02 -2.455454044801981192e-02 -1.107317409663255148e-01
-3.996469525037127379e-03 2.439186780004035104e-02 -1.419821754160530247e+00 -4.872785764352040999e-02 -2.736540536362934775e-02 -8.597926984988116250e-02
-1.552782260565599426e-03 2.472529159928954501e-02 -1.417480317285722435e+00 -3.282657178545232701e-02 -3.700792899211960418e-02 4.472956835061036099e-03
5.399022128091401918e-04 2.377551969858596181e-02 -1.413664436922459799e+00 3.448943563677246259e-03 -4.624905713595214157e-02 9.962041555920791991e-02
6.441591955089281951e-03 3.102506990766515371e-02 -1.412732446293944122e+00 7.639305808347895965e-02 -2.803218196087693334e-02 1.622828506074295574e-01
5.750515050265345152e-03 2.878826028600356413e-02 -1.413953311595790296e+00 7.509416605219373930e-02 -4.480787144801209876e-02 2.097114170266315691e-01
7.178565280349700518e-03 2.821717677357099552e-02 -1.409650229507150243e+00 3.165532829004049503e-02 -4.342760212111902024e-02 2.090294341349935581e-01
6.924035823408079826e-03 2.499288366239355019e-02 -1.399969979788082242e+00 -2.256211109997941985e-02 -3.825061134292520593e-02 2.574990554002383747e-01
5.482937544779631356e-03 2.388562161864193900e-02 -1.402490471583632825e+00 -2.773191144108834785e-02 -4.126701766860919190e-02 1.757367972137097722e-01
8.174570594511904043e-03 3.014381194662324459e-02 -1.401921109484419503e+00 -1.528542564716979350e-02 -4.004117355054288147e-02 1.231964815782069650e-01
3.489102657080717096e-03 2.702228678470286471e-02 -1.396178480084145690e+00 7.645614340244799578e-03 -1.929126239672391066e-02 1.558802251411135764e-02
7.235983930677092335e-04 2.656988725387421368e-02 -1.394062431762108645e+00 9.506173198435769259e-03 -8.836716092004048145e-03 -7.082982903338636005e-02
-9.443693590399926396e-04 2.373224935306694761e-02 -1.390415800076411301e+00 -5.458053127439659730e-02 3.811151842006840155e-03 -6.693769627551129919e-02
1.254749237652702520e-03 2.658459918243677444e-02 -1.385413370257438714e+00 -7.330981105176331489e-03 1.607167137706993695e-02 -4.280728923317565771e-02
1.215761352221372826e-03 2.572146503174393972e-02 -1.386170855516610345e+00 1.544083090574006195e-02 1.332273352608947560e-02 2.564963437850520129e-03
5.222265082533650293e-03 2.602543097492232560e-02 -1.386377012726924818e+00 -2.996063812645343230e-02 3.054861814419368091e-02 -2.607452389850549099e-02
7.947121736230841615e-03 2.541016313369354185e-02 -1.381864708035521971e+00 2.028866191340520514e-02 4.162807223805127521e-02 2.035280058570065193e-02
1.304163119543410784e-02 2.971070582085211242e-02 -1.384423829664257255e+00 4.032693149313353737e-02 5.400188088270137937e-02 -2.181788601210795167e-02
6.312897956841631575e-03 2.688440649513301750e-02 -1.378829067144536680e+00 5.998853868969378916e-02 6.571062169948140019e-02 -1.217801138320439708e-01
9.257446843912608969e-03 2.824628919348881606e-02 -1.377138169422110536e+00 4.037781305271912619e-02 6.973271331978059262e-02 -1.227517530180964461e-01
7.658907222714311791e-03 2.587515486673963583e-02 -1.368802266601960582e+00 9.198100956973960865e-03 3.590986811591604516e-02 -1.139641608014854562e-01
1.142242159253165079e-02 2.607789081190936553e-02 -1.365974983715474877e+00 -3.907814536722372528e-02 2.708722994325237984e-02 -7.400710200199694944e-02
1.093216421025244856e-02 2.495855637042382336e-02 -1.362062780843956489e+00 -2.987791134134050453e-02 1.587025404917761021e-02 -7.024459540557703718e-02
1.786227237507920229e-02 2.677913114549290707e-02 -1.357355465733888877e+00 -2.189271247041629440e-02 7.718400146321157708e-03 3.788936392976578749e-02
1.544340975318031495e-02 2.560390466276479815e-02 -1.353050683781958696e+00 -3.964861379120025037e-02 -6.923559712303233894e-03 -1.144763123156229689e-02
1.481528682195268343e-02 2.493553794228070553e-02 -1.351629099998589822e+00 -3.863122808541336051e-02 -1.400714801580676093e-02 4.164630321411133540e-02
1.695796792801404496e-02 2.608279583853601036e-02 -1.349673431860523465e+00 7.539695830639687145e-03 -2.113001333720813946e-02 9.162198738287027910e-02
9.106693668408591402e-03 2.397660727291184291e-02 -1.345111554186132707e+00 7.893461614661675951e-02 -1.375930686833032324e-02 2.654734099947485271e-02
1.591622272456173770e-02 2.984921886153524273e-02 -1.345000097603048062e+00 8.946856401421898752e-02 -9.009109046197855825e-03 7.446218130922177547e-02
1.256538488973489576e-02 2.623753045502297265e-02 -1.340434652063123622e+00 -7.505191939531667689e-02 -3.243054862651509242e-03 -3.021274462318346288e-02
1.389915231452272526e-02 2.426937375001264607e-02 -1.338598145450646371e+00 -1.514618884333644167e-01 -5.561249868171265660e-03 -6.841122517407577548e-03
5.397970229193346792e-03 1.907263160263300561e-02 -1.336302277364310953e+00 -6.747210092805991377e-02 2.266333438681768578e-03 -3.076524291045718701e-02
1.440025277522863703e-02 2.875515460337041418e-02 -1.344483297008125078e+00 7.483574872285946034e-02 -7.930618001419746654e-03 -1.222635428964351789e-01
1.289136316253614023e-02 2.924664648845931580e-02 -1.341015228306005724e+00 1.211456676665292748e-01 -3.448299291687204060e-02 -1.358419570650933328e-01
2.062447418759266737e-02 3.273089134340045891e-02 -1.338080101616966999e+00 3.809890884983159476e-02 -5.241105275645384365e-02 -9.071036874825860741e-02
1.918727328761171691e-02 2.865114510935751202e-02 -1.331916844445117931e+00 -8.283249269902188960e-02 -4.079160428154848111e-02 -5.060805557959144330e-02
1.888757413793956674e-02 2.601190764059602145e-02 -1.328367632968394219e+00 -1.377629045237084293e-01 -3.829620830660506597e-02 1.093439386463813667e-01
9.159008213927954944e-03 1.917622482435911435e-02 -1.323606096086948014e+00 -1.260921515400761639e-01 -6.235322860234602388e-02 1.119109075448655455e-01
1.034878033696062793e-02 1.993128387858544848e-02 -1.331498282127853372e+00 -1.280849531240544834e-02 -8.105893706758544870e-02 1.741199309291855402e-01
8.493431023882336284e-03 2.102549944166334783e-02 -1.332851432926005941e+00 1.248719338174661131e-01 -8.135679509208827709e-02 8.204971758028234419e-02
5.960020121587472630e-03 2.259249885277031522e-02 -1.334310975878963745e+00 1.401364830379450699e-01 -6.010154826286918245e-02 5.273197419194191812e-03
4.306029981332892831e-03 1.999051064007184575e-02 -1.333820170327655319e+00 4.039405454171456772e-02 -4.447667360347401511e-02 -5.725433923032693245e-02
1.127080632714605457e-02 2.550086401317630536e-02 -1.343069539682119284e+00 -4.284773722627625847e-02 -5.878604682220563843e-02 2.896286764087147025e-02
2.398747273866330687e-02 3.919955893059745566e-02 -1.363635406801634531e+00 -2.720647211188627346e-02 -7.133859272837868304e-02 1.009037560857130450e-01
2.036970011438987704e-02 3.314834623231110999e-02 -1.355582525218380852e+00 -2.146956706051747141e-02 -6.560543054538635344e-02 1.162118731718718989e-01
1.929215240357784467e-02 3.288452925754678513e-02 -1.359116946067842946e+00 -6.116342995496625717e-02 -6.459074404836785688e-02 4.286235005532874898e-02
1.644280566228606411e-02 2.774981030783946201e-02 -1.353466091819029771e+00 -3.223015415088820862e-02 -6.279158985556687611e-02 6.244373980862455431e-02
2.237291228113580388e-02 4.121051587309323971e-02 -1.355187839455112453e+00 -1.486021190427178063e-02 -5.219101215721930892e-02 -4.816467938591043052e-02
1.778884442980510627e-02 3.478762499771625993e-02 -1.356922671200749164e+00 4.541652574302521006e-02 -4.367712712359788502e-02 -2.985857008625753678e-02
2.043180992121218509e-02 3.939049169360164804e-02 -1.357124190316767454e+00 8.758625167808196943e-02 -4.746263391292148554e-02 -5.478388900857494859e-02
1.425148728952052579e-02 3.082091411612170040e-02 -1.348535367717062172e+00 4.152605054339370862e-03 -1.822974348552488036e-02 -5.715574014821280663e-02
1.405817113603902158e-02 3.324703055765831916e-02 -1.353820008118475471e+00 2.233138173312609540e-02 1.599093411517438180e-03 -1.188942109545216841e-01
1.742807696894921321e-02 4.097080073675340994e-02 -1.351425915264286459e+00 3.015001145581385281e-02 1.885477801728321912e-02 -9.531290566963755706e-02
1.838418695766641520e-02 4.069389651019450493e-02 -1.352928143126575833e+00 -2.089001643208994105e-02 3.100192848570909598e-02 -8.663247071831331469e-02
1.405555034950234372e-02 3.298902049187046881e-02 -1.345812834574417138e+00 -4.473587340802237348e-03 7.196049765424869515e-02 -9.109572732088976055e-02
1.441278325067041344e-02 3.498807068015652444e-02 -1.351571696220077001e+00 5.786126066092795589e-02 6.163238466508356300e-02 -7.137708566873952887e-02
1.260383781547713689e-02 3.373238165802028288e-02 -1.349987718059963981e+00 1.795554739036333072e-02 5.862698434291103988e-02 -8.944965405918066381e-02
1.452215546320134720e-02 3.982884116068685643e-02 -1.350044483458589184e+00 -5.081152213424864825e-03 7.459887205849641267e-02 -4.262423581024218922e-02
1.258989561587231520e-02 3.310136524287432547e-02 -1.349109177845264185e+00 -2.643789632015144248e-02 7.181996044217156538e-02 -1.490277061838903884e-02
1.241692483702561134e-02 3.096628956302005520e-02 -1.347536274754844499e+00 -2.860714775454353473e-02 5.967160502751323731e-02 -2.172660456548911392e-02
1.109355118177823840e-02 3.055857219924434931e-02 -1.347796465474573324e+00 -1.016707732220917815e-01 5.655222353981973621e-02 -9.394607410254703084e-02
8.031602487251099376e-03 3.257591049891518653e-02 -1.343254251071158478e+00 -8.243169192676746970e-02 6.477776480236120682e-02 -3.171081352185308178e-01
7.394366075772595970e-03 4.115652521838752964e-02 -1.352546104406400218e+00 1.618833907987303755e-01 6.443148918576371842e-02 -3.890277646177202064e-01
1.357004452461785249e-03 3.250551964907744118e-02 -1.349066450749063506e+00 5.482706098968707226e-02 8.422893645816076358e-02 -4.376006328626660391e-01
6.495659329041614249e-03 3.194094064386993059e-02 -1.345034374710991187e+00 -1.378179459761044723e-01 7.105248534844135766e-02 -1.904802454521488941e-01
1.031052970560908388e-02 2.422718887222574669e-02 -1.343644861010972136e+00 -2.294725843699249035e-01 -8.442364369739413510e-03 -4.804251482043228084e-03
1.835553537152179171e-02 3.086981461607940513e-02 -1.345701815811509050e+00 -1.021354062189201856e-01 -4.721058292018285446e-02 2.032327897659458038e-01
9.583171063424988922e-03 2.500436226981361809e-02 -1.347084961276749482e+00 -6.866166148284930223e-05 -4.318097081313813229e-02 1.465692717177111311e-02
2.710980201790391675e-03 2.886043765995298382e-02 -1.348613326872623475e+00 1.798203904111919105e-01 -3.866160134633789963e-02 -1.560414259284576277e-01
-3.348337581409177588e-03 2.857356530148641438e-02 -1.349945494586592076e+00 1.859498923988081032e-01 -3.157078131812559446e-02 -3.122160514975877987e-01
-5.803697209943781132e-03 2.791192626269645150e-02 -1.348938470095362163e+00 4.114503085128353582e-02 -5.790106815978376606e-04 -2.381684738714617000e-01
-3.690345245480730618e-03 2.758575719548328475e-02 -1.346624149944005921e+00 2.134754920036181086e-02 2.946816908779780701e-03 -1.029191329436976721e-01
2.034913549793238019e-04 3.114526525415750591e-02 -1.350292988249975679e+00 2.033866069175596300e-02 -4.747739860360132569e-02 8.904399350445671435e-02
6.453044545447372826e-03 2.892075917959735509e-02 -1.349685595405759386e+00 -2.179527790805534451e-02 -6.934001666332377523e-02 2.255545182851729780e-01
1.983824694412161804e-03 2.865887084735069257e-02 -1.350674880765325270e+00 -1.386271361074313813e-01 -5.024864040283343047e-02 1.962069040109374052e-01
1.701039150545202716e-03 2.429510476190778479e-02 -1.351207000316662743e+00 -4.935628250519033533e-02 -4.215228432055934810e-02 1.625839402764983621e-01
1.447477255170248611e-03 2.761391733912760271e-02 -1.358275515985496895e+00 7.656440979140707870e-02 -2.447704534986408498e-02 1.153181208700010257e-01
-4.449553566510111580e-04 2.892705677924828356e-02 -1.360989159037899299e+00 -1.104552392071116336e-02 1.320030997899609981e-02 9.390382410007148961e-02
2.142793492884820239e-03 2.373060008441923996e-02 -1.360231537518018285e+00 -1.381228318406404754e-01 3.057796767334607091e-02 1.096375120113897705e-01
4.929865094455143648e-03 2.283723587583852410e-02 -1.359685512537424756e+00 -1.666171056591061461e-01 3.176376673858409549e-02 1.994949336046275556e-01
-1.986818663011580277e-02 1.210774363451649904e-02 -1.364510494701335119e+00 -7.494098255192151170e-02 1.215240603528907129e-02 2.805506809372625976e-01
-1.466203083449402200e-02 2.266723134674064610e-02 -1.368914873387097941e+00 4.799493837026203025e-02 -1.747990409369131956e-02 2.634172087153459074e-01
-1.099798079435387876e-03 2.360658031661505563e-02 -1.376374293583921826e+00 1.417069141677657906e-01 -3.112611086273114891e-02 1.908940105710783264e-01
-9.780770966787200038e-03 2.275404552691351334e-02 -1.379586067026906449e+00 1.132551084726537705e-01 -7.590665149200613582e-03 2.083633325677691078e-02
-1.017787525148650118e-02 7.919438866599126658e-03 -1.376672334141943566e+00 7.727002222739184911e-02 4.497422120283529889e-02 -1.635490760471157157e-01
-1.322694176288585766e-02 1.143113278143542688e-02 -1.375551517449110861e+00 -7.896954208774641104e-03 9.619971871609835079e-02 -1.464124874392311315e-01
-4.643648388345855693e-03 1.483673570726834479e-02 -1.381353721212065011e+00 -2.347767924477378865e-01 1.198135972595296417e-01 -2.487324765740353202e-02
-3.650805788346367375e-03 1.141561605622687381e-02 -1.379515331580819293e+00 -2.579014726677597569e-01 8.752241257049103718e-02 6.020987403573874880e-02
5.185049176004097315e-03 1.512465371904081479e-02 -1.388561723280560045e+00 -5.257191938294368538e-02 3.472530138689280954e-02 2.738158524624694778e-01
4.485066088680544905e-03 1.729050178591240439e-02 -1.394241408002358185e+00 7.983153953560181981e-02 7.111563224775043629e-03 2.330455703161606607e-01
-4.278409784062409127e-03 1.831812899724183374e-02 -1.395571520681130551e+00 1.760729947657215799e-01 -1.578252190188212181e-02 9.803532737335184100e-02
-4.619599011945030309e-03 2.517642967840030832e-02 -1.399435357881600339e+00 1.247315484490265913e-01 -2.341736043093183700e-02 4.517324008302300159e-02
1.103927721709307974e-03 2.888750229581975304e-02 -1.401511566421277166e+00 4.670326067341825510e-02 -4.451355525902461925e-03 -3.678999142790222859e-02
-1.046756580595997743e-03 2.842047336658355683e-02 -1.404490741775646256e+00 4.473397605098673041e-02 3.497336550835298142e-03 -8.565188404443303816e-02
-3.093911916288216712e-03 2.979781366341449633e-02 -1.407978898060349593e+00 2.504655587829894905e-02 7.759985316240282935e-04 -1.482990765933908384e-01
-7.112685439102373053e-04 3.177497800117276561e-02 -1.408476337889027263e+00 5.742056340459068646e-04 -2.156691710814835281e-02 -1.526851812276356080e-01
-6.916065156212791720e-04 3.549156205366421624e-02 -1.418341840485027205e+00 5.512964672483315620e-02 -1.904544314895943724e-02 -1.717776196383448695e-01
-5.581770623362958261e-04 3.532880237793378786e-02 -1.419386467411868580e+00 1.034939782675258213e-01 -2.359477545609374449e-02 -2.334232906824780240e-01
4.394094388449842903e-03 4.527194677952761648e-02 -1.421540511467043189e+00 2.002379044085146002e-03 -1.296161645384340082e-02 -1.969923837011317846e-01
7.901830391538133824e-03 3.386570487686094144e-02 -1.420207522657705113e+00 -2.421421105352507541e-01 -1.042992025782220333e-02 1.062218558341468111e-01
1.918089368349040758e-02 4.306015843880706129e-02 -1.423349742432606035e+00 -3.222563682611328528e-01 -2.355833855755455966e-02 3.741141586181837009e-01
2.256952523025157475e-02 3.417371962280935094e-02 -1.433284794909184257e+00 -2.982086442755303712e-02 -6.643685555709291646e-02 5.354792548659781382e-01
2.351724763666651619e-02 3.717729501932642844e-02 -1.437490587702228595e+00 2.416558307474098166e-01 -8.113571460422183690e-02 4.741012472859517657e-01
1.165558699382573948e-02 2.472515239447917179e-02 -1.437656828388924168e+00 1.375086466276937425e-01 -4.325514872480354378e-02 8.502042181952272626e-02
3.985368121216081860e-03 2.355622145269794729e-02 -1.437902466893177689e+00 -2.542590085187563988e-03 3.050482938167359617e-02 -1.166959218882302612e-01
1.819098807657404393e-03 2.444694503915408740e-02 -1.447907632395953215e+00 2.766930789860147250e-03 6.689543047989157665e-02 -1.771856945390952454e-01
2.945193957956337982e-03 2.197360961044998728e-02 -1.449601492822750970e+00 -4.451259232324556239e-03 6.444650053053238570e-02 -1.421119885551393458e-01
4.599708838674776423e-03 2.197342166266180730e-02 -1.455316322665055395e+00 -5.041412525217010832e-02 2.939599720577334291e-02 2.073095092563513250e-02
8.550878859112986952e-03 3.332023528393673883e-02 -1.461712866430332269e+00 7.805357411065207661e-03 6.163221749200060474e-03 8.284517386508283288e-02
8.718442101319334725e-03 3.300266286539579874e-02 -1.460379821115310506e+00 5.604913722187811198e-02 7.110770089414888452e-03 7.181371748610487771e-02
7.279949438481203572e-03 3.625921383085279476e-02 -1.468889031386709121e+00 -7.828535743151839726e-03 1.349951938109926128e-02 -3.372136635351648953e-02
2.402755653390209467e-03 2.977702916169472358e-02 -1.472242907352153907e+00 -8.043132669496777520e-02 2.248201329339999388e-02 -2.418624665082848638e-02
7.796188992821306840e-04 2.479533992750931892e-02 -1.475141021503134198e+00 -5.529466423949147731e-03 1.109530009023100387e-02 -4.302207065453841212e-02
6.093357381472430667e-03 2.877836419349255603e-02 -1.480429426158593742e+00 1.963175704630999371e-02 2.578639546425372936e-02 2.019471316572701153e-02
7.479208841263407237e-03 2.953159899737450855e-02 -1.477348092866350271e+00 -3.144308640364452262e-02 1.960734436115054227e-02 1.837167285653099058e-03
5.046496067112493655e-03 3.049497124382155588e-02 -1.486161743280092651e+00 -1.557180623750329708e-02 1.134086812577824593e-02 2.885107926526487947e-03
4.581722347929306771e-03 2.563901423100461985e-02 -1.484151872200271782e+00 3.260901127239985552e-03 1.984572997718920748e-02 6.297618030976262493e-02
1.407106165263127817e-03 2.527637215082589872e-02 -1.489564290587082951e+00 -2.332184301041766161e-02 1.954583530778955525e-02 -2.049865581282950266e-02
9.994240128363141018e-04 2.319995472449665197e-02 -1.490256716229851008e+00 6.456727942969506077e-03 1.516816100549332920e-02 2.882672743395901446e-02
-1.042185158236230702e-03 2.788811400013169184e-02 -1.491162494806758332e+00 7.809993675977454884e-03 6.077066253568708457e-03 -5.409092266537499083e-02
-4.283092549455802533e-04 2.281719489088629427e-02 -1.490968693845530879e+00 -3.646912520986125145e-02 -6.488928565980557270e-03 -7.189082400679407125e-02
-2.322334291757710556e-03 2.034219663464864603e-02 -1.494353300313520094e+00 2.013251179999294566e-02 -9.511970248909248915e-03 -6.486294208026041619e-02
-1.989677435273451422e-03 2.344610394652268948e-02 -1.496741391556668077e+00 4.299004519693540999e-02 -1.128296544916435745e-02 -9.107285526065143910e-02
-5.835358725687633807e-04 2.678537658192470250e-02 -1.495734234689024333e+00 2.492008456016365364e-02 5.840923136607434601e-04 -9.082587220268204323e-03
2.373458482321122442e-03 3.063573014570819542e-02 -1.501244008768850335e+00 -9.094378374445920635e-03 4.808086641764443281e-03 2.156156975971989381e-02
2.113833138916831889e-03 2.995350121547690758e-02 -1.505683329991910568e+00 -7.075937740210752613e-02 -1.276710520229722839e-02 3.956574018588541325e-02
4.021214287391550180e-03 3.035964214577141496e-02 -1.505355351218412352e+00 4.559239422788671087e-02 -3.020437153664255400e-02 7.296261118191209316e-02
3.308293025598763037e-03 3.298918833214045665e-02 -1.510377327933809966e+00 1.391360776285938683e-01 -3.645338912706076739e-02 1.812559584240586164e-02
1.880265758920529606e-03 3.119903505072496586e-02 -1.510869065716860860e+00 2.219333504090285208e-02 -2.925814362541140703e-02 -1.543937760273452788e-02
3.196132684282093628e-03 3.111602138021596353e-02 -1.516115809481220822e+00 -9.124884394589147241e-02 -2.757222702327146585e-02 1.422376672265935477e-02
2.020688821301463989e-03 2.751039098449542530e-02 -1.514757669566762388e+00 -7.811319708249049587e-02 -3.190324692218317326e-02 -1.986271296775892013e-03
2.185825627508020119e-03 2.473148579031880789e-02 -1.521140054048316870e+00 2.606845810084911993e-02 -1.757628825716498963e-02 5.907979723833603480e-02
-6.263936663164493268e-05 2.641634057952507719e-02 -1.524623954117714675e+00 5.393173842108585359e-02 -3.343291930187610936e-03 -2.805967290791336333e-02
6.110129282625997860e-04 2.642184131217014537e-02 -1.520500690297239998e+00 4.232860453640081844e-02 1.778611620632711277e-02 4.609330639314995932e-03
1.530378564523315887e-03 2.958333232880364094e-02 -1.528187093776978145e+00 1.884404518346700919e-02 1.302099210143284162e-02 1.875664626469580876e-02
1.178810641421446093e-03 2.511885860130710912e-02 -1.527688095795241452e+00 5.380152384372725513e-03 -2.328433019145830299e-03 8.403674826019115474e-02
1.292929880133186771e-03 2.537380502739317034e-02 -1.532887454132577432e+00 1.736758435389789464e-03 -1.171975234126785941e-02 5.617147854246830330e-02
8.553980712371345163e-04 2.365800116825902966e-02 -1.531488906138179118e+00 1.323727624914987832e-03 6.454439243773438251e-03 3.442229324887494113e-02
-3.892764409987314878e-04 2.793991110211491158e-02 -1.534481407431229627e+00 1.834982424300111645e-02 -5.086501857068522706e-04 -9.044862423720764766e-02
-3.172258014243478641e-04 2.947610727470389991e-02 -1.538154692555792735e+00 5.185230567695358478e-02 5.956312575424334982e-03 -8.578505801076549697e-02
-2.340138902743094107e-03 3.042372684498451108e-02 -1.539031865889739947e+00 5.847111332065532685e-02 -3.058490285464629012e-03 -1.617694487079244514e-01
-2.261125687325726830e-03 2.782973834599256069e-02 -1.534855856352521641e+00 -4.464715474575830373e-02 1.818692547031105708e-02 -8.827931883220985210e-02
-2.068334265327376187e-03 2.534864524839003375e-02 -1.537891909219865738e+00 -8.101164781193720410e-02 1.585957057448358562e-02 -7.036801707119587357e-02
6.445534767574034873e-04 3.301555422269875084e-02 -1.538127114793269357e+00 1.037096073970245752e-01 -3.272988648095873782e-02 -1.116538335112192276e-01
4.681707924723665926e-03 4.017433446061646762e-02 -1.545711070330355597e+00 1.449090435670865040e-01 -2.540336333929489945e-02 -6.028812589318467002e-02
1.339149366591518842e-03 4.637268329759369756e-02 -1.540731374347501514e+00 -5.750048817980689397e-02 -7.459600186166445365e-03 -1.115566572295242226e-01
2.467587189963760252e-03 4.010650132940263290e-02 -1.539507551536416941e+00 -8.808568519550505349e-02 -1.652643144676419970e-02 -4.860642429702052153e-02
6.062149679434636340e-03 4.504113734110104517e-02 -1.539285277521059925e+00 -4.807160713634716850e-03 -3.696776885770729215e-02 5.562555321205372993e-02
7.458720438425991972e-03 4.480358594574151976e-02 -1.541264057978366964e+00 2.169167870159293202e-02 -6.217211653399722787e-02 8.447305738187289859e-02
8.345989512525520126e-03 4.727714844184915943e-02 -1.546271077202163724e+00 -2.408823233790913232e-02 -5.504455264075244769e-02 9.726872492986604612e-02
8.508133103919401918e-03 4.091597172187633191e-02 -1.542189899558536581e+00 -5.060553184351709866e-03 -5.517925197107923646e-02 6.828091007151329550e-02
1.268233737669444139e-02 5.518714213382358569e-02 -1.546144657709646708e+00 -2.067848289637157222e-02 -4.536737975508858128e-02 4.330878594720034835e-02
8.543605459538472502e-03 4.494349943659120550e-02 -1.541627460461427290e+00 -3.456912220804145286e-02 -4.806289495962952352e-02 2.021215522002358864e-02
1.016712475527503656e-02 5.270435544775814440e-02 -1.549830510780282111e+00 -2.614889578474026421e-02 -5.201983162987270509e-02 -3.107373910858743371e-02
5.237548089001897722e-03 3.946152134031222225e-02 -1.550693908755363282e+00 9.515472108518611277e-03 -4.807691962260499802e-02 -3.374319898378273092e-02
4.578633981213720006e-03 4.159794326383947638e-02 -1.553957615291835737e+00 7.542814010554610427e-02 -4.264459348180266868e-02 -5.201370486208801991e-02
1.829099074028839311e-03 3.589479085336599873e-02 -1.550694989496378184e+00 2.432368436227276901e-02 -1.961820094585048010e-02 -8.116490698407642645e-02
3.254036546849636835e-03 3.649431466334464302e-02 -1.544957547272076681e+00 -1.349711965144257675e-01 -3.588467563163412737e-03 -3.876524459628370028e-02
3.472462443083745853e-03 3.524577458114497297e-02 -1.554645148332838289e+00 -1.469999053328728544e-01 2.040196611006031904e-02 -5.415129549550604798e-02
3.635391925231878929e-03 3.503618014958498339e-02 -1.553842729941436573e+00 -1.727593718836514802e-02 4.834769555840844751e-02 1.817270991912763034e-02
3.136602185742631832e-03 3.250526881310455973e-02 -1.556808871482928680e+00 3.900065115040157737e-02 4.054801046735681536e-02 -9.196968069584050831e-02
2.293298192932891055e-03 3.062417624261137838e-02 -1.559022027671062460e+00 -3.497809575057591464e-02 5.819905626302472601e-02 5.473898933431396024e-03
3.414302764831234072e-03 3.348701977201595792e-02 -1.562523389907084947e+00 -1.545347046332840729e-02 3.218129400423433428e-02 1.532497058230990195e-02
4.711243749119464752e-03 3.612852733409377404e-02 -1.569193809873240752e+00 2.919395116766921455e-02 4.061257396510820072e-02 2.456371510643385377e-03
3.790611113837716317e-03 3.755198623491495802e-02 -1.571685146029153657e+00 1.778233211154988877e-02 4.870574490501283077e-02 -2.543715228846692156e-02
-1.671189675851447731e-03 2.883000102572669254e-02 -1.577969913479194020e+00 4.478938326503713319e-02 5.925381752127227564e-02 -3.679445936931988875e-02
1.121227573469107952e-03 3.319048840489080554e-02 -1.586501295086009122e+00 8.971652879095774746e-02 3.178479869202684160e-02 9.121935036065693947e-02
3.257377867686317430e-03 3.403667542660243628e-02 -1.584374269247348366e+00 3.280201406823367305e-02 -3.627251566560313334e-02 3.036213556602854538e-02
3.578857411963731749e-03 3.679852728893290292e-02 -1.591894789917716935e+00 -3.041596472384181654e-02 -5.566335755998021162e-02 3.286265267901652964e-02
2.986176559183206791e-05 3.098086686891118879e-02 -1.596540638413728175e+00 -2.571843360317210142e-02 -2.185102294796283789e-02 -7.380940686459518119e-02
-1.223340935609495972e-03 3.434896538360537876e-02 -1.599182769727917730e+00 -4.988138301544130931e-02 -1.002539139489982620e-02 -9.885810831026896339e-02
2.288674223392739293e-03 3.097032534648336277e-02 -1.603122632494091704e+00 -1.108327857902662306e-01 -1.707727243832397532e-02 -9.509357954662085721e-02
8.211714048838025803e-03 3.913320312528312250e-02 -1.607443586512886213e+00 -5.649517803493089851e-02 6.773635817968156592e-06 -1.526615337514636121e-02
6.038973949677117758e-03 3.441610268238393111e-02 -1.614369913388031819e+00 -5.182082951581960806e-02 1.217758547155090298e-01 3.056714415636145599e-02
9.129964472700535794e-03 3.786194283193422550e-02 -1.611553363104292202e+00 2.412577191488812778e-02 1.229968370386678306e-01 5.320717536607679626e-02
1.505203999296278461e-02 4.247269198593900397e-02 -1.623708404357103063e+00 1.808069854443242752e-01 2.288489529649087931e-02 1.001794339546439316e-01
7.446258667688887556e-03 4.222194988139116312e-02 -1.626994963814183848e+00 1.883128278296033187e-01 -2.912308118828321746e-02 -7.005603769116934554e-02
7.084125649894579269e-03 4.667546037387826363e-02 -1.628650662205984645e+00 4.840829594453131823e-02 -1.200419487630111949e-02 -6.002628982414010689e-02
4.043637774197250678e-03 3.874708153200479011e-02 -1.628332957886470922e+00 -7.520761290898531071e-02 -1.581546873722334753e-02 -8.213126662719706650e-02
5.606644748151756730e-03 4.134439703739811733e-02 -1.629721328005359737e+00 2.046798610495677295e-03 -1.949103100928562329e-02 -4.413567665934407108e-02
4.742805110604875196e-03 4.011422259873032026e-02 -1.631512360116403215e+00 2.395619286417800115e-02 -1.146756537198201538e-02 7.195925051280588000e-03
6.516995403569314504e-03 4.508198077835789963e-02 -1.625702596920802989e+00 -1.167338742537709848e-02 -2.797835826334814369e-02 -7.791466781516598328e-03
6.971306440400226734e-03 4.103992838853909308e-02 -1.628431912268126780e+00 -3.475685474506027411e-02 -2.749378853249234006e-02 8.261966156295001695e-02
8.034472244724089052e-03 4.573134637177150852e-02 -1.629354208712868513e+00 -4.366902266787739406e-02 -3.829730953899373319e-02 4.515570989765442522e-02
2.639022432219029213e-03 4.055639198605587303e-02 -1.626529839239140074e+00 1.028913787990150264e-01 -4.871245615244077648e-02 -6.398164474755781150e-02
1.494817334623643745e-03 4.244915120114778340e-02 -1.626493271870344870e+00 6.378635092274424767e-02 -7.713458011887577154e-03 -5.111741109404570327e-02
1.257526017881982483e-03 3.350342708942266601e-02 -1.618565380518532493e+00 -8.359160161224495067e-02 1.784699654660812373e-02 -7.064510200322096645e-02
5.791419459749480581e-03 4.476324966907907488e-02 -1.619806623097531428e+00 5.890224238563166945e-03 -7.423538716168376914e-04 4.617362816868279818e-02
7.108211525893803895e-03 3.859355796012114981e-02 -1.613058732915817473e+00 -7.784230768409847179e-02 6.372624624289109467e-03 1.368379162049831455e-01
5.097438784498198316e-03 3.615329509184661561e-02 -1.607435363819320173e+00 -2.472686279292115874e-01 4.268569534789865699e-02 6.798657602487330476e-02
4.489182533556457244e-03 3.582959386092010590e-02 -1.611487945713122372e+00 6.475813954884721002e-02 4.993909189363120865e-02 9.084281690354810423e-02
4.162140657171908842e-03 4.091951567678098201e-02 -1.607554641052104216e+00 1.964354306791903371e-01 4.958504411263757461e-02 3.151791629197903816e-02
2.079815667801243606e-03 3.739040237492408103e-02 -1.617355657656389667e+00 1.861550093635916947e-01 6.065515384866689008e-02 6.843457277984218989e-02
8.608082872226807680e-04 3.201690102272669591e-02 -1.606511265258006915e+00 -7.207042830856337512e-02 6.925320641899404550e-02 2.778870569868889182e-02
-1.217556116602347416e-03 2.549220920359140941e-02 -1.599675196161172153e+00 -1.168820277629103871e-01 1.043093845705781175e-01 -3.752580701235173205e-02
-3.162825175940020550e-03 2.900461733355419458e-02 -1.602827295292684084e+00 8.971327955836998214e-02 1.087319078557287821e-01 -5.704539031917371661e-02
-1.565527658340393202e-03 3.602546369974546359e-02 -1.599586507064373109e+00 4.963568814456845862e-02 5.723550245644603435e-02 -9.311656038344225117e-02
-2.839122506921309963e-04 3.306765188779670073e-02 -1.598028916044995640e+00 -5.471828178846476626e-02 2.493346913791164715e-02 -1.587205134555562044e-02
5.980414398973010748e-03 3.832978809095544115e-02 -1.594568663606878545e+00 -5.163202004328920625e-02 1.256378747444214690e-02 -3.792261485897094331e-02
5.038677353317977392e-03 3.541390206401295870e-02 -1.598568672341571073e+00 3.279547386638452001e-03 1.168986857935844226e-03 -3.741302125942618483e-03
7.284622726359435418e-03 4.000961898063448707e-02 -1.591474473580376525e+00 -1.005569737252385958e-02 -1.734584065434961221e-03 -2.831878949376468238e-02
5.601675386851079352e-03 4.034187225438967683e-02 -1.592891955638719992e+00 -3.453993599690367844e-02 1.893845504835867674e-03 -3.714371341264637721e-02
6.371736601704425240e-03 3.950528145078179010e-02 -1.591022281492371349e+00 -3.789451101057017546e-02 7.329321375850408708e-03 -1.053264599154154525e-02
6.702473060715252728e-03 3.780845830074328062e-02 -1.590709443138564438e+00 2.042016841032695193e-02 -4.250767162005916408e-03 -2.847875149151941551e-02
8.196617330797462131e-03 3.647634962864207409e-02 -1.591250792855646523e+00 -5.748548541395589323e-02 -4.017933704798687736e-03 2.475991392812259759e-02
5.094630645392506096e-03 3.540954180004152185e-02 -1.585384785246787942e+00 -7.020332432152129321e-02 -3.650585468856620223e-03 -8.703541322206351238e-02
5.167251293791474964e-03 3.836567915088993919e-02 -1.597729650385588229e+00 8.483339880632409513e-02 -7.198098546789834760e-03 -7.782801860353227852e-02
8.581150834585882237e-03 4.114335392573537087e-02 -1.597095299789259570e+00 6.605381710702745712e-02 6.988147111073070121e-03 -9.555813007783699187e-02
6.877412676498551036e-03 3.484533809480519495e-02 -1.597319176054554646e+00 -4.009298509942202382e-02 -2.612969407737058668e-03 -3.142612939967785735e-02
1.493767358330977402e-02 4.029806899408389098e-02 -1.605571535129001859e+00 -5.024317703749176661e-02 -2.108375452861360397e-02 6.397132035694462482e-02
1.364243644246798670e-02 3.773064793373009929e-02 -1.588710672536592483e+00 7.185086105240363896e-02 -2.811589112664792875e-02 1.150011129338108229e-01
1.739455557128305463e-02 4.521846860473111018e-02 -1.640091110405649033e+00 1.694922510670042459e-02 -2.890052180582445077e-02 7.648168557366447073e-02
1.272721901707107861e-02 3.903053041600040851e-02 -1.609892487127694949e+00 -1.442606512031830573e-02 -2.113453564792173306e-02 2.305274351161417171e-02
1.253209268178068214e-02 3.791166053527561530e-02 -1.555819358449184620e+00 -4.575110207292873432e-02 -1.323117902001660733e-02 -1.031018157025949400e-02
9.317662118527400561e-03 3.380627839582223126e-02 -1.606220582205764913e+00 -1.412225066189979131e-02 -1.608856682040244596e-02 9.273971652535045740e-03
6.884581533682306541e-03 3.441946814449409198e-02 -1.605618564755559419e+00 -3.125997199902868281e-03 -1.287706735866064184e-02 2.190821666484835464e-02
7.482021122993093298e-03 3.352521060796213870e-02 -1.614212041148505250e+00 6.753468321576757728e-03 -1.789693234843707514e-02 6.606436607663536409e-02
9.450306495519922301e-03 3.734774719773761853e-02 -1.613083803775339220e+00 4.133681918696794494e-02 -1.877484928542381623e-02 7.404502821808298108e-02
8.700671987388719497e-03 3.674342231211844001e-02 -1.620604150602503069e+00 -3.526881909004191823e-02 -1.527901427817188358e-02 6.608962151114153305e-02
8.684664984214107708e-03 3.541835897601414151e-02 -1.610422966202065709e+00 -3.356617087581884040e-02 -1.541046899569213646e-02 4.952853828760728216e-02
8.362158481661996490e-03 3.698307462838901216e-02 -1.616618193228816835e+00 5.438862105768782658e-03 -1.869738665143396220e-02 4.279168997769296906e-02
7.113451537012038806e-03 3.528827213397882356e-02 -1.617883998781849186e+00 5.264960431799718676e-02 -1.454089315637197358e-02 7.138306783272632683e-02
6.480351589957411562e-03 3.443752599727628594e-02 -1.620159083846317571e+00 4.110315308489603803e-02 -2.239550082778183834e-02 6.451677345263102936e-02
6.046812968971471136e-03 3.229625918387371564e-02 -1.629981324814423260e+00 -3.824847119854561661e-02 -2.227984447608887669e-02 3.790105103842874440e-02
3.276039310781575509e-03 3.624935904092024819e-02 -1.621980041721656107e+00 8.296820076077550399e-03 -1.443238698192835824e-02 1.281364820709592197e-03
