1.289127776801030556e-03 -1.821616046693240107e-02 1.310643000006269432e+00 -7.600326721224842652e-02 -1.197625553970074405e-02 5.180999063960811668e-02
-5.911642889159017620e-04 -2.555924421223127602e-02 1.314623419351716116e+00 -3.064808920673075393e-02 -1.965231734472191669e-02 4.259955402443932337e-02
2.283193296591590898e-03 -2.344677688474440871e-02 1.316388617946635531e+00 7.583583851446147606e-02 -1.042827461110633173e-02 1.012438524795130634e-01
1.628120097988171658e-03 -2.252267756488516431e-02 1.319274207574197000e+00 -1.591370613915740750e-02 5.092125532367873172e-03 1.273035574175901928e-02
2.165334828425230854e-03 -1.771331689200302678e-02 1.320605811475541458e+00 -4.735967271880137802e-02 7.476330373488726706e-03 1.664130461611108142e-02
4.030253049185089295e-03 -1.731308293725954128e-02 1.327108494190917476e+00 -6.036916283086951607e-02 6.021169934714690891e-03 9.053245091373116060e-02
1.198444297466698741e-03 -1.980706572196182236e-02 1.330138025705577931e+00 -5.099119214081040269e-02 -1.008709704148765852e-02 -1.828523038141957255e-02
8.697463437357458305e-05 -2.172986961849841109e-02 1.330598806393325617e+00 9.829503181664467348e-02 -1.552662423389726890e-02 -3.182505856417313511e-02
1.260278165677031215e-04 -1.618242894621629152e-02 1.334602416855503293e+00 1.519758501247497895e-01 -6.000201906641721913e-03 -1.566477306408650683e-01
-2.100334748181619665e-03 -1.224017727714509299e-02 1.337832666605221377e+00 5.389839602867960155e-02 1.947265741463401895e-02 -1.974831149986256140e-01
-4.423214358578166257e-03 -1.687031516911002837e-02 1.338434131205994859e+00 -8.380604866935767797e-03 5.205599733176121367e-03 -1.386630023101262654e-01
-3.195192841157050174e-03 -1.972066647982308879e-02 1.350214748167347878e+00 -4.052802627584457806e-02 8.017976916600371567e-03 -7.033741447384207757e-02
2.197681695618425649e-03 -1.746286610041619669e-02 1.351574978175968056e+00 -1.515200207681890732e-01 2.337715568930696583e-02 1.259241236198255787e-01
4.770618531174617219e-03 -1.971188809673007220e-02 1.352437402767048269e+00 -1.277747428716063949e-01 1.293976178848716720e-02 2.231034875831353903e-01
4.162546482617431737e-03 -2.157185140387343769e-02 1.351935637486331387e+00 1.241516303477637889e-01 -1.719543838681221459e-02 1.570224554664560734e-01
-9.112056084037900225e-04 -2.567666431309413577e-02 1.354525305296302662e+00 1.366798712191450715e-01 -1.173160728134911915e-02 8.484466647340448142e-02
-4.728694723717892338e-03 -2.834083685368856201e-02 1.364497048454097694e+00 8.683247130922092105e-02 3.748953928892334586e-02 -1.301196298140985530e-01
-7.248246306965223928e-03 -2.173761206980151517e-02 1.366394912674095963e+00 -7.457081162287887421e-02 4.694778332637592616e-02 -1.715666149699429655e-01
-4.061411298869097020e-03 -2.087651091340950171e-02 1.376592444876649779e+00 -3.550899238660364388e-01 3.942072572559250643e-02 -7.510429404695551092e-02
2.031767693273546505e-03 -2.583845967758244266e-02 1.371506392894506376e+00 -2.155615428273594154e-03 2.449042236289445881e-02 1.428215295324532508e-01
3.735595772470554077e-03 -3.031382741780114243e-02 1.374287598015119016e+00 9.029526464696842336e-02 -2.444002881652843073e-02 2.459935672593172862e-01
4.845316024975551694e-04 -2.830945540529683502e-02 1.375304252714794728e+00 1.473750410500500319e-01 1.050069741186322216e-03 3.435573899625374295e-02
-2.474504446924735701e-04 -2.803656489842713123e-02 1.379686771243996191e+00 1.315693714724347207e-01 2.279392696434296220e-02 1.430533087385935098e-02
-4.584084490886944363e-03 -2.451606435318295224e-02 1.385487890322497861e+00 2.364529606995238037e-02 4.444991345109893660e-02 -1.898463179541344248e-01
-2.981528947054334910e-03 -2.529919433304967519e-02 1.382524133232379882e+00 1.212163160711651477e-01 2.249993269444672261e-02 -5.389230685650408387e-02
-3.154851609365530440e-03 -2.599817704891733972e-02 1.393127331890596565e+00 2.657145273048042156e-02 -4.120432305066431579e-03 -5.122209491638220896e-02
-2.968448807511500642e-03 -2.596732291857925534e-02 1.397172191879811010e+00 -1.320732636619677547e-01 -5.002827944140363602e-03 -4.185244840047064319e-03
-1.792456440581721711e-03 -2.295592914156374675e-02 1.398042122827483524e+00 -9.165490894637320918e-02 -2.422103030127169265e-02 -4.426162594185804183e-02
-2.318464324301924839e-03 -2.386718827661790318e-02 1.395670813623667073e+00 1.826109859720290510e-02 -1.299687229185576874e-03 -1.549240591918831234e-01
-1.646511358082081156e-03 -1.933200378373119144e-02 1.402818614929984165e+00 1.041305214185807120e-02 8.005937863263937193e-03 -1.454034588884018653e-01
-4.496104942591380715e-03 -2.624609323115322662e-02 1.406637397071754947e+00 -2.929431096459354442e-02 3.413708976523104131e-04 -1.234628241733946308e-01
-2.030025376050834107e-03 -2.335177817134851883e-02 1.407581092409351697e+00 -1.585852385264027373e-02 -1.546247912580985678e-02 -6.337172281112893324e-02
1.070643288377998159e-03 -2.404019145826367942e-02 1.409632759964637216e+00 2.377336854144556852e-02 -2.455592003155437561e-02 6.016996838679462833e-02
1.379786574874405924e-03 -2.089876702734078107e-02 1.413070887595772263e+00 3.604858776236814777e-02 -3.939945467248168881e-02 4.784235662865381905e-02
9.175266473576484949e-04 -2.085783023714528339e-02 1.415790743305372246e+00 -4.218621189242911795e-02 -5.523815149612735370e-02 3.585801794992411057e-02
-1.438953019854626383e-03 -2.286896536059983970e-02 1.422590738211006567e+00 -4.887464177786245145e-02 -5.778098105243784088e-02 -1.204924117757310252e-02
-1.356852474691541688e-03 -2.278554800293031840e-02 1.422532732848807768e+00 -1.450766364954741809e-02 -6.101245784004797473e-02 -3.657473913616079986e-02
-7.889803236091896821e-04 -2.241296177010027729e-02 1.426109629186747441e+00 2.216170610414419304e-02 -6.724920707977063983e-02 5.560094444495970213e-04
8.608126805240146062e-05 -1.980570453584359902e-02 1.428841478645438201e+00 -7.294431202672500836e-02 -6.406662627027834289e-02 -1.375561049101246824e-02
7.485149396374846109e-04 -2.423287174426762280e-02 1.427442397191676093e+00 -5.517956350583778230e-02 -4.611285378193243772e-02 7.967847567000194142e-02
2.394833317106603854e-03 -2.421844700556924357e-02 1.431899198167883469e+00 5.194482069492429438e-03 -3.673498560727813528e-02 8.561766681036302173e-02
3.703158380671478511e-03 -2.439766912108592978e-02 1.428836426597165143e+00 2.506577202224396020e-02 -3.583508542802366775e-02 1.307754738117840876e-01
4.957746222442271922e-03 -2.111727052073830713e-02 1.428098384340820814e+00 -2.508138568686713726e-02 -4.384826331906390047e-03 7.721465491861752295e-02
4.649806106558185270e-03 -2.370671451537312291e-02 1.429465364718019771e+00 -3.653146100480177128e-02 2.467950863197228284e-02 6.963984211337509445e-02
3.771006259234321867e-03 -2.509487287967854252e-02 1.424691415186735810e+00 -3.608189033855276756e-02 2.201473361258083142e-02 5.878148645915644982e-02
2.876622678536777666e-03 -2.890851013208134423e-02 1.423926211978312040e+00 2.491864011858255235e-02 2.450645100408491150e-02 1.107424007452660619e-01
4.710835841987226491e-03 -2.559272563403394707e-02 1.419798433550631955e+00 4.876885129289972726e-02 2.729227739326645780e-02 8.600250019841582105e-02
2.465953384962971118e-03 -2.553711586344606377e-02 1.417464582557045105e+00 3.282369318912042172e-02 3.701048623129864906e-02 -4.451765339834092179e-03
5.593097533842794622e-04 -2.368949202879086502e-02 1.413665962421262634e+00 -3.529311745586919281e-03 4.624299402783087209e-02 -9.962322161434747358e-02
-5.838561076179055176e-03 -2.912402412792483575e-02 1.412775481810214728e+00 -7.647212191203353604e-02 2.781577951631549264e-02 -1.623200796929158418e-01
-4.750574211352318055e-03 -2.691475543561222539e-02 1.413993973037534602e+00 -7.525760756129283580e-02 4.453282191694115516e-02 -2.097700246785680622e-01
-6.213498788441490506e-03 -2.741238337127621660e-02 1.409670678940798894e+00 -3.181347880224457553e-02 4.331187638104187082e-02 -2.090534155353341306e-01
-6.102085339717266618e-03 -2.551253249882057261e-02 1.399964367609157989e+00 2.239007144091764018e-02 3.835156892455630906e-02 -2.574840494067516250e-01
-4.546509578730636991e-03 -2.454718182205511967e-02 1.402482479510211988e+00 2.760527884632880610e-02 4.135183546586465586e-02 -1.757168590485348736e-01
-7.260095445578276796e-03 -3.049999009574444475e-02 1.401918428848503595e+00 1.519934154220920104e-02 4.007392921941158037e-02 -1.231858283303097629e-01
-3.026600045792665616e-03 -2.683512286702377514e-02 1.396183091233382356e+00 -7.650860506394805208e-03 1.928918209088901006e-02 -1.559059640818982392e-02
-4.758715152104464607e-04 -2.633958388397611428e-02 1.394066980155301394e+00 -9.495247494884388739e-03 8.848455299882021854e-03 7.082836642243520164e-02
8.796408115880893774e-04 -2.505497138429413351e-02 1.390392610632162018e+00 5.457604093457593675e-02 -3.874880754376978237e-03 6.693403495779309820e-02
-1.623314444243545429e-03 -2.676270440894895630e-02 1.385409611277182762e+00 7.318978066169825984e-03 -1.607714117086092229e-02 4.280523703736432983e-02
-1.539067930938664563e-03 -2.534803614279040884e-02 1.386177343622264857e+00 -1.544023594180639856e-02 -1.332342270527801104e-02 -2.561374749722347514e-03
-5.949231436013058261e-03 -2.675238260928480827e-02 1.386360275545428067e+00 2.994674281918272007e-02 -3.056224163416516523e-02 2.605855943401262989e-02
-8.959621244499199610e-03 -2.491826421730652941e-02 1.381867439318710922e+00 -2.027388592789694521e-02 -4.163526907284665485e-02 -2.033807021497217177e-02
-1.433448947006768504e-02 -2.874175256431532599e-02 1.384431575246253487e+00 -4.034749673998927477e-02 -5.398651702764149102e-02 2.185587918071350486e-02
-7.836298743542722406e-03 -2.545485151057758078e-02 1.378848266849232118e+00 -6.012804155183486265e-02 -6.558299189199626178e-02 1.218488878833910577e-01
-1.087215042003560062e-02 -2.729603616386283571e-02 1.377145634250211970e+00 -4.052706964530137373e-02 -6.964607902038770504e-02 1.228009330958374085e-01
-8.464906682514844460e-03 -2.567069910632169272e-02 1.368801318715611615e+00 -9.269475630444917735e-03 -3.589150817699054974e-02 1.139699461360646898e-01
-1.203419556692855719e-02 -2.702378642142444498e-02 1.365951361549903709e+00 3.904314651188728336e-02 -2.713765119933138001e-02 7.398862574394310387e-02
-1.127865579395520568e-02 -2.568184028178521761e-02 1.362046513558127003e+00 2.985844334583978923e-02 -1.590685173264750479e-02 7.023631787945838756e-02
-1.806272642975043086e-02 -2.728569916671946816e-02 1.357342764291814774e+00 2.189780751073343301e-02 -7.703928261975695121e-03 -3.789230858031625987e-02
-1.527487808508393163e-02 -2.654281762099164332e-02 1.353034516242516361e+00 3.964999485550699948e-02 6.915640357786501623e-03 1.145241722001153796e-02
-1.450313202262140666e-02 -2.583562887114504436e-02 1.351615481761768933e+00 3.862104872653641247e-02 1.403520505440578742e-02 -4.163685730231282689e-02
-1.650214189939994136e-02 -2.587813923924792148e-02 1.349683086538334464e+00 -7.573457875273929309e-03 2.111793629793065272e-02 -9.162476557133007737e-02
-8.794937834881361161e-03 -2.212018523516512403e-02 1.345145379108316774e+00 -7.894099114217426050e-02 1.372273712149578787e-02 -2.656626521065923521e-02
-1.574360234767188671e-02 -2.772929745828722758e-02 1.345047584510396632e+00 -8.948018377908353860e-02 8.892875996081055917e-03 -7.447615172372763770e-02
-1.247572099633485754e-02 -2.799907661571676698e-02 1.340399774719315928e+00 7.505362220327695122e-02 3.203495785600994194e-03 3.021696482488258825e-02
-1.376639558456679152e-02 -2.780774996248314146e-02 1.338530724418063755e+00 1.514625477449007274e-01 5.543155257607962870e-03 6.855792505015815066e-03
-5.440562946726602844e-03 -2.064835768507206071e-02 1.336278695630952029e+00 6.747087469298276852e-02 -2.302542667507884774e-03 3.076255446018430831e-02
-1.415288836719804169e-02 -2.703059541182883940e-02 1.344521694042313698e+00 -7.481866446965397544e-02 8.090203930443335897e-03 1.222530824614177919e-01
-1.201535053942679072e-02 -2.644304024517313279e-02 1.341081558863407963e+00 -1.210636347766681498e-01 3.476989607996017195e-02 1.357688040115128114e-01
-1.934926455176051718e-02 -3.187416163480261133e-02 1.338119794148539654e+00 -3.801594588551585746e-02 5.247126172074757788e-02 9.067555989757522528e-02
-1.821419300528692720e-02 -3.059263541864698510e-02 1.331887416033566751e+00 8.286848358657722402e-02 4.071841958958301311e-02 5.066695294699321422e-02
-1.804972683017014301e-02 -2.916811420706838520e-02 1.328313626650768242e+00 1.376896439320346721e-01 3.855880148090818499e-02 -1.092516159852662122e-01
-7.756713161027606329e-03 -2.206969523137936040e-02 1.323570000985611728e+00 1.259702610810458923e-01 6.259911600930766207e-02 -1.117735477231385915e-01
-8.526485802873295938e-03 -2.019726806052789259e-02 1.331507230879751091e+00 1.256223910924200889e-02 8.109747349019694185e-02 -1.741020078708586105e-01
-6.631893417660905676e-03 -1.810986918848149496e-02 1.332904778907206378e+00 -1.249883706138195522e-01 8.117778277700284095e-02 -8.222681613588148086e-02
-4.563154758473797479e-03 -1.933001043223236959e-02 1.334367780238935097e+00 -1.401420804159147493e-01 6.008848111754543780e-02 -5.420108975204519439e-03
-3.251186953965090609e-03 -1.905491737813896913e-02 1.333836852760356351e+00 -4.034962796912945626e-02 4.451698652613308299e-02 5.722300876824851917e-02
-9.906379049358982058e-03 -2.649905011558684187e-02 1.343060995387304501e+00 4.281805230228265952e-02 5.880767120248885788e-02 -2.891893420538454301e-02
-2.235942423171732862e-02 -3.980446742336407606e-02 1.363645455164260056e+00 2.708088160798679048e-02 7.138635907218161825e-02 -1.008699650672408021e-01
-1.888544822504467646e-02 -3.361468993014216089e-02 1.355592514877059784e+00 2.133653782557546133e-02 6.564881343574816008e-02 -1.161873651019209586e-01
-1.778533950081273574e-02 -3.432022609601420582e-02 1.359102050055994937e+00 6.111515750410379672e-02 6.463642171330605257e-02 -4.279343729074291253e-02
-1.499047659955810019e-02 -2.849285725394626323e-02 1.353467527340939114e+00 3.216175590658666011e-02 6.282665039164965493e-02 -6.240846384013026132e-02
-2.110444849435233472e-02 -4.158060249152920052e-02 1.355196824236415409e+00 1.490406335273780115e-02 5.217850593506962592e-02 4.817822499944489356e-02
-1.673683976753315150e-02 -3.372182191414280217e-02 1.356962986229319768e+00 -4.539378420764318689e-02 4.370076547214093304e-02 2.982396786482974932e-02
-1.927051916236877105e-02 -3.733639008160158368e-02 1.357199243386986609e+00 -8.754088550536179292e-02 4.754626182714064703e-02 5.471132865324315059e-02
-1.379188657881158520e-02 -3.073741663814383296e-02 1.348542051836119526e+00 -4.134426824391014728e-03 1.823387451019379060e-02 5.715441759790420434e-02
-1.402696520472401787e-02 -3.274872209365653486e-02 1.353832489623158608e+00 -2.233465014072118227e-02 -1.552773667117957578e-03 1.188948269960047321e-01
-1.780442446146057733e-02 -4.028893665750399311e-02 1.351441524606599387e+00 -3.018132027084473312e-02 -1.880461915181176960e-02 9.532281051971507047e-02
-1.905433856850446972e-02 -4.121465377259914131e-02 1.352903042790586596e+00 2.084314518916663764e-02 -3.103345782663694680e-02 8.662117637019280114e-02
-1.569251959325734802e-02 -3.311634099416638222e-02 1.345791738061052456e+00 4.359231505601723553e-03 -7.196752455479039912e-02 9.109018980667166199e-02
-1.582232288669960241e-02 -3.364176790763018232e-02 1.351590080431634533e+00 -5.793798825125107133e-02 -6.156025969294121741e-02 7.143929688671567246e-02
-1.393183784284723892e-02 -3.332916125469531643e-02 1.349984624365447416e+00 -1.804701757985635244e-02 -5.859889168589341168e-02 8.946806478381957861e-02
-1.624938502103279170e-02 -3.995928948924232227e-02 1.350021002803572401e+00 5.025686367893952844e-03 -7.460262930195984965e-02 4.261765717266779996e-02
-1.427152381216778565e-02 -3.372682804808035950e-02 1.349076856772228439e+00 2.641924722007010784e-02 -7.182681703399752815e-02 1.486965760738751148e-02
-1.380788197664029049e-02 -3.164345097956910990e-02 1.347507042602956062e+00 2.858454302084806331e-02 -5.968244121554856091e-02 2.169683571170613959e-02
-1.237308180154106374e-02 -3.296708134071668628e-02 1.347728531570197674e+00 1.015780105028414593e-01 -5.671867494490908518e-02 9.384566640609440236e-02
-9.369165231646769953e-03 -3.455135845923090754e-02 1.343196274253955380e+00 8.207214530937320673e-02 -6.523270204023753904e-02 3.170148655799803206e-01
-8.635112818220713748e-03 -3.738608287408251574e-02 1.352648267689374961e+00 -1.623170241546696702e-01 -6.333116180716782950e-02 3.892084569305343522e-01
-3.091048474135549284e-03 -3.122463309762313344e-02 1.349093788578358044e+00 -5.546849227565647800e-02 -8.380790754704414702e-02 4.376814069196727219e-01
-8.056615162090219329e-03 -3.519590772713054871e-02 1.344944755802515601e+00 1.375812028877675675e-01 -7.150983595435750351e-02 1.903090403770796302e-01
-1.011061765908238819e-02 -2.960649027994022298e-02 1.343538622751196954e+00 2.294732812502053299e-01 8.423064878312356077e-03 4.838007468878355484e-03
-1.735658608939438796e-02 -3.320215325496900238e-02 1.345659512198011498e+00 1.019674287434427923e-01 4.757230950185847851e-02 -2.031484303231138322e-01
-8.574845941917708103e-03 -2.500352532232952285e-02 1.347091731308381668e+00 5.762124606905276420e-05 4.318098401173015022e-02 -1.465687928353684270e-02
-1.722864494596798579e-03 -2.463714947566619795e-02 1.348698750266493107e+00 -1.797145268528868856e-01 3.915075196283482328e-02 1.559194344855714398e-01
4.247373228752127083e-03 -2.417582520656913481e-02 1.350028862808244412e+00 -1.857752138420860344e-01 3.258290211140506959e-02 3.121120229955189340e-01
5.933237819840231353e-03 -2.691936119308857567e-02 1.348958101161485956e+00 -4.114226764309844575e-02 7.499509917328331041e-04 2.381679909013136864e-01
3.670641892375536841e-03 -2.707760697398164940e-02 1.346634475491896410e+00 -2.135280625968454665e-02 -2.908485192857822310e-03 1.029202238942177466e-01
8.664656812762405735e-04 -3.066582869372669329e-02 1.350303753735744294e+00 -2.041238944619571186e-02 4.744574576614583178e-02 -8.906085763288983104e-02
-4.934206785304429133e-03 -2.940830604763589040e-02 1.349681377356688472e+00 2.152229769725318848e-02 6.942522859819275083e-02 -2.255283182784213747e-01
-8.979570283815796472e-04 -3.191813077997085468e-02 1.350603010039179708e+00 1.384543844969694237e-01 5.072268402516643543e-02 -1.960848978959141287e-01
-7.763633357258381551e-04 -2.545355526315928874e-02 1.351186528880759852e+00 4.923654667831697807e-02 4.229208087450923859e-02 -1.625476282841328002e-01
-9.230551484789017991e-04 -2.579677852195594312e-02 1.358311649304482671e+00 -7.661349988793904331e-02 2.432295205082106102e-02 -1.153507164669797247e-01
8.416945142775134059e-05 -2.918998672133532590e-02 1.360983656352658500e+00 1.106713309756642699e-02 -1.318219907903493866e-02 -9.390637472837409794e-02
-2.913742593811496917e-03 -2.700382895712399867e-02 1.360169022562956798e+00 1.381810826488551469e-01 -3.031365306717790503e-02 -1.097108826957845090e-01
-5.762713444877887170e-03 -2.677181494303806919e-02 1.359610437437822839e+00 1.667266629985151571e-01 -3.118360187283386251e-02 -1.995864468013665294e-01
1.951942918920779313e-02 -1.398865867726495349e-02 1.364497586335573942e+00 7.499955824524780212e-02 -1.178548650410514084e-02 -2.805663192344667878e-01
1.497513465861710635e-02 -2.158824437620898706e-02 1.368928993787335457e+00 -4.807475479727398027e-02 1.725917027497893275e-02 -2.634317657312599259e-01
1.768521397721656285e-03 -2.020765042530148214e-02 1.376427630015342629e+00 -1.418098135167794871e-01 3.065395370318496626e-02 -1.909704104341401754e-01
9.955176575538349226e-03 -2.003194885642067824e-02 1.379627072615107863e+00 -1.132578546481455561e-01 7.549484517545537211e-03 -2.085128942743327135e-02
9.120357118612920644e-03 -6.034689793026223881e-03 1.376689274390628270e+00 -7.739804667172736630e-02 -4.475354515881143497e-02 1.636096086702841790e-01
1.094769352943902874e-02 -1.158680939326495185e-02 1.375570299058239243e+00 7.651237005712590092e-03 -9.621957423727252323e-02 1.463994327998100198e-01
1.762935227837658658e-03 -2.049201243881582091e-02 1.381288046027236760e+00 2.347253073625903685e-01 -1.199144527206701116e-01 2.438239286085282925e-02
1.532595511223422413e-03 -1.762569424830673359e-02 1.379453858754231987e+00 2.579935637671951776e-01 -8.725058520247666594e-02 -6.060308510326522374e-02
-6.098372325991030518e-03 -1.637313510037730069e-02 1.388543846915126778e+00 5.273719384353184325e-02 -3.447378062115947356e-02 -2.738476383209842435e-01
-4.728286405047965602e-03 -1.533046689631278880e-02 1.394263549080761777e+00 -7.980196805875910959e-02 -7.436040000063969327e-03 -2.330354459579318527e-01
4.631301358418771219e-03 -1.403885044975239360e-02 1.395620076485613481e+00 -1.760997288038294861e-01 1.548131037910795496e-02 -9.808334412220370835e-02
5.171430742393123836e-03 -2.213501734644496288e-02 1.399484759704108683e+00 -1.247499876077393099e-01 2.331900565127070085e-02 -4.522409338322692929e-02
-9.765586101320167245e-04 -2.774636508067915286e-02 1.401534836542197127e+00 -4.670038890832908102e-02 4.481326801062948499e-03 3.678635182939669207e-02
1.003533194834760334e-03 -2.732285983447248212e-02 1.404512468521659230e+00 -4.473915218882318356e-02 -3.430492060058896054e-03 8.565458058517388951e-02
3.151928559178951428e-03 -2.917452997150146721e-02 1.407991887154253163e+00 -2.504847986502006796e-02 -7.112006551773924221e-04 1.482994106871280138e-01
1.325800719368219749e-03 -3.175886180009018789e-02 1.408476155948619635e+00 -5.167600684960235290e-04 2.156836865978600457e-02 1.526849737844381549e-01
1.269182186883766050e-03 -3.412528662779487632e-02 1.418375029028936751e+00 -5.507232979408409335e-02 1.921054748170849397e-02 1.717592224906351606e-01
1.286243713573220759e-03 -3.276362626219048169e-02 1.419447479275987689e+00 -1.033970524282063069e-01 2.401596046212757865e-02 2.333803234770187585e-01
-3.917073942484083915e-03 -4.523712381700895069e-02 1.421543098067019173e+00 -1.957825670286614684e-03 1.296842265719388640e-02 1.969919505587267305e-01
-7.706170757598940213e-03 -3.984970024213496664e-02 1.420053204367519584e+00 2.421223979899854994e-01 1.087849195267748779e-02 -1.061768590268978157e-01
-1.887655724878167796e-02 -5.093487058752624308e-02 1.423093820860202641e+00 3.220957960242822327e-01 2.566055396688285070e-02 -3.739758722183817441e-01
-2.122663021852233545e-02 -3.470701923428198832e-02 1.433292430098674686e+00 2.919899582595500767e-02 6.671250147512718109e-02 -5.354449400756619015e-01
-2.178931207201895148e-02 -3.092126261115279995e-02 1.437666124460605488e+00 -2.423187896991607915e-01 7.913365449956370756e-02 -4.744395059902197231e-01
-1.060744180171524498e-02 -2.125915427138441727e-02 1.437720364762100189e+00 -1.375726960566719115e-01 4.305103050610365606e-02 -8.512396023182330906e-02
-4.702571286605339296e-03 -2.362806324623134557e-02 1.437899126790938453e+00 2.480486556089748097e-03 -3.050994138516168602e-02 1.166945861024936693e-01
-3.433165465965837271e-03 -2.438256252487221165e-02 1.447905777061151866e+00 -2.973686103349489681e-03 -6.688656149133402617e-02 1.771890434861828068e-01
-4.520400165107796298e-03 -2.209340522440180615e-02 1.449595621177252269e+00 4.291481627969472197e-03 -6.445733554742302807e-02 1.421070759837735620e-01
-5.353935760720851533e-03 -2.325161803001545707e-02 1.455293854264056108e+00 5.042475840248549640e-02 -2.937775220925650105e-02 -2.075679748870227007e-02
-8.756177895360317542e-03 -3.310881672041637858e-02 1.461716423072033422e+00 -7.796442707356934093e-03 -6.174495455146581345e-03 -8.284433868093919739e-02
-8.940929171055156388e-03 -3.156381861238674591e-02 1.460410257278738300e+00 -5.604018491131827762e-02 -7.180976050752534492e-03 -7.180672411773458830e-02
-7.604530237935502868e-03 -3.646408832965907648e-02 1.468882360759465655e+00 7.820593468906218357e-03 -1.350412307717416618e-02 3.371952569827710994e-02
-2.967585771714964515e-03 -3.184368204518465972e-02 1.472198679898156115e+00 8.042183376539380202e-02 -2.251592626882259474e-02 2.415468073713013947e-02
-1.046525847320123326e-03 -2.493820804654806045e-02 1.475138443382178366e+00 5.521137983029117055e-03 -1.109944672854586145e-02 4.302100076690981711e-02
-6.769434633668081069e-03 -2.826922051052110918e-02 1.480436243910162375e+00 -1.962267492523697698e-02 -2.579330615698175247e-02 -2.018588269384452571e-02
-7.985465771264355084e-03 -3.034168995132763280e-02 1.477328945964956119e+00 3.144371833529552296e-02 -1.960633231634706028e-02 -1.847921864525330429e-03
-5.342045811819295942e-03 -3.089841596601283769e-02 1.486152457783049385e+00 1.557237580729150736e-02 -1.134008476944152813e-02 -2.888188437141547653e-03
-5.123695744052358947e-03 -2.554954194438530113e-02 1.484151642650545000e+00 -3.239097337002407560e-03 -1.984930065310758912e-02 -6.297505919404881858e-02
-1.905958634575655175e-03 -2.588288130028765233e-02 1.489553347707783360e+00 2.331485340779127294e-02 -1.955417304275040152e-02 2.049070428808880823e-02
-1.405412780082215818e-03 -2.303159424351253204e-02 1.490258950156942319e+00 -6.449099639172311237e-03 -1.517140451410083427e-02 -2.882501705951589013e-02
9.104201611487838797e-04 -2.768395963214187461e-02 1.491166431730249542e+00 -7.815724062820175733e-03 -6.069694242390157035e-03 5.409174861917181998e-02
6.256951533585852765e-04 -2.376516586634142003e-02 1.490953852925969159e+00 3.647723489396698104e-02 6.443186912559264318e-03 7.189494457916963122e-02
2.593309581627012417e-03 -1.981473923605880927e-02 1.494359888776614298e+00 -2.012173831692625620e-02 9.534742746368105037e-03 6.485959960536086255e-02
2.321520272745514202e-03 -2.232044498634988550e-02 1.496758085726412446e+00 -4.297206633591666575e-02 1.135124659309499733e-02 9.106436697715372675e-02
5.725395408345823611e-04 -2.613505800819632130e-02 1.495745697198884727e+00 -2.492017684821469167e-02 -5.801438779478370212e-04 9.082840016832856300e-03
-2.510897402309530957e-03 -3.087300445355406486e-02 1.501238927589525929e+00 9.096186614811886326e-03 -4.804665433284461759e-03 -2.156233263771163006e-02
-1.799168096058123556e-03 -3.181056512708907436e-02 1.505645661660082624e+00 7.075054981118920894e-02 1.281593144923914504e-02 -3.954995379234112901e-02
-3.266682746268068094e-03 -2.915722671546805422e-02 1.505380948929996521e+00 -4.563080784498996234e-02 3.014630646659401808e-02 -7.298661791532569387e-02
-2.358260700511038976e-03 -2.932212623206753577e-02 1.510454764757184876e+00 -1.391476173136177164e-01 3.640928819373590725e-02 -1.821402384385897161e-02
-1.100726686023567602e-03 -3.061460370698357303e-02 1.510881881851304342e+00 -2.218545541697699783e-02 2.926411825990423224e-02 1.542805030829336524e-02
-2.474627546077634577e-03 -3.352851974081358377e-02 1.516065633340446084e+00 9.124201339127251120e-02 2.759483088529704128e-02 -1.417986097146782531e-02
-1.176722085573622678e-03 -2.957450870977826329e-02 1.514719737906716546e+00 7.811431199968291161e-02 3.190051463787956648e-02 2.029742634974810323e-03
-1.744917192720851773e-03 -2.403747871587724738e-02 1.521151695670226900e+00 -2.608656127911093345e-02 1.754940858482964203e-02 -5.908778322398265670e-02
1.644878827649076669e-04 -2.498191540930844168e-02 1.524648148576574158e+00 -5.393009536919201458e-02 3.369688872654159027e-03 2.805651527919385962e-02
-1.084901576597241402e-03 -2.529904840099503338e-02 1.520519470852036648e+00 -4.232717716368847305e-02 -1.778951478436677572e-02 -4.596196434062397446e-03
-1.887175594861290051e-03 -2.908047773895760385e-02 1.528196421474433464e+00 -1.883978388040885923e-02 -1.302715751156479501e-02 -1.875236660821574808e-02
-1.153582282775289514e-03 -2.497372382501758525e-02 1.527690441792003639e+00 -5.383560189216866909e-03 2.320543129354845843e-03 -8.403696118522983871e-02
-1.004401617324512941e-03 -2.532608377729331228e-02 1.532888488281940909e+00 -1.748241579599521577e-03 1.171804567329372618e-02 -5.617183577497190938e-02
-1.042040449315217998e-03 -2.362211780410228279e-02 1.531489312445387441e+00 -1.319851679576827677e-03 -6.455232685318465155e-03 -3.442214274540198599e-02
4.469759182967880662e-04 -2.744807101481130940e-02 1.534490247967994492e+00 -1.834900028188578974e-02 5.376023680162291245e-04 9.044846758417519894e-02
2.015132896238114313e-04 -2.808427114845091221e-02 1.538180734084278356e+00 -5.186115949962815524e-02 -5.878707887258673159e-03 8.579040707288114465e-02
2.508098307945960670e-03 -2.884718209315650927e-02 1.539062082720988656e+00 -5.846224821875075500e-02 3.223480629804949434e-03 1.617662493365406295e-01
1.817029388171853554e-03 -2.902162942327246586e-02 1.534834357412591999e+00 4.461909451364832330e-02 -1.825565387009339333e-02 8.826512599474969911e-02
1.673975230880087040e-03 -2.751941630266530048e-02 1.537855008657572853e+00 8.099212920221426915e-02 -1.595898594090770783e-02 7.034553827072320686e-02
2.979533583746807324e-04 -3.023397940022454211e-02 1.538184490538185401e+00 -1.036456656647148644e-01 3.293177274546345984e-02 1.115944516360719979e-01
-3.954475805556523227e-03 -3.627177003941395306e-02 1.545809535629473430e+00 -1.448822725141191148e-01 2.555566527486171496e-02 6.022372201023173249e-02
-1.048408870002681681e-03 -4.792062799063634415e-02 1.540684259726333494e+00 5.751489405908139646e-02 7.347684290151640721e-03 1.115640853135078658e-01
-1.989748718162598351e-03 -4.247415076737004469e-02 1.539444699572413811e+00 8.809967423273937226e-02 1.645171755100234903e-02 4.863176710921156276e-02
-5.113194530427245255e-03 -4.516431764277872851e-02 1.539285156919220299e+00 4.771287651101590102e-03 3.697241424492327816e-02 -5.562246339775140519e-02
-5.853140047596738782e-03 -4.420932423404633216e-02 1.541288203676344892e+00 -2.178328145930667412e-02 6.214008322237399295e-02 -8.449662206299000944e-02
-6.941429772544305266e-03 -4.791267068718496613e-02 1.546258379868163502e+00 2.399481057841882856e-02 5.508533996653139364e-02 -9.724563376727130004e-02
-7.072391797082744347e-03 -4.104195021882361960e-02 1.542193889768498138e+00 4.994826401297855142e-03 5.518524114220693666e-02 -6.827606718987849765e-02
-1.150039053834595038e-02 -5.573528058402177354e-02 1.546134099788844196e+00 2.064421202703426231e-02 4.538298277179549089e-02 -4.329243549860763846e-02
-7.266902248078910276e-03 -4.587013952065432942e-02 1.541606770356338529e+00 3.455218195314819357e-02 4.807507345819453382e-02 -2.018317322160644023e-02
-8.732145935240520629e-03 -5.341681914926188490e-02 1.549814869462466049e+00 2.617710169870028636e-02 5.200564788913351194e-02 3.109748094762275136e-02
-3.913792316162734153e-03 -3.920719075035819512e-02 1.550704326847437642e+00 -9.487173417668482919e-03 4.808250922027729884e-02 3.373522528876052307e-02
-3.384876175986040181e-03 -3.955734419599810092e-02 1.554013962074463961e+00 -7.538944299819499983e-02 4.271298183139222299e-02 5.195757072142849486e-02
-1.247576230759328553e-03 -3.523935947237322175e-02 1.550710566110694799e+00 -2.429588313121105667e-02 1.965261841051196140e-02 8.115657395104600158e-02
-3.132654500257903152e-03 -4.013400106467346351e-02 1.544867492638388740e+00 1.349735949129675372e-01 3.497184096003963863e-03 3.877358563087608678e-02
-3.992462624161863260e-03 -3.923554304400585224e-02 1.554548398158942746e+00 1.469805695615790941e-01 -2.054075299454885886e-02 5.409880449911399353e-02
-4.956997110154848230e-03 -3.550330593896655618e-02 1.553828483941970262e+00 1.729127045801460288e-02 -4.834221103480010329e-02 -1.818728605660436051e-02
-4.185653805232725233e-03 -3.145108407680186069e-02 1.556828048609645521e+00 -3.906566244827409939e-02 -4.048538001453807350e-02 9.199726970539152948e-02
-3.879010204408395168e-03 -3.157522460539108344e-02 1.558999842206446829e+00 3.498367362932495311e-02 -5.819570358388202053e-02 -5.509412542530707849e-03
-4.300430073157279764e-03 -3.390732520275863138e-02 1.562512137464466377e+00 1.546207557032194813e-02 -3.217715977453448895e-02 -1.533364752192054037e-02
-5.824508163182251508e-03 -3.532917376175348512e-02 1.569208303933635307e+00 -2.919221635478105523e-02 -4.061381780138900721e-02 -2.435688671394634856e-03
-5.109318834535692133e-03 -3.706612390442109994e-02 1.571692877097973451e+00 -1.780395061398450107e-02 -4.869784787158486228e-02 2.545227117368100908e-02
5.862448149107635231e-05 -2.759600235517489786e-02 1.577992931972062252e+00 -4.482742686833911944e-02 -5.922503927440092575e-02 3.684076165925102148e-02
-2.053706543355238168e-03 -3.070566328458262939e-02 1.586550379517348119e+00 -8.966585620592425199e-02 -3.192748402547809089e-02 -9.116951690558731947e-02
-2.272884247717543715e-03 -3.312833877301959995e-02 1.584395198761740176e+00 -3.282122779907958171e-02 3.625513050885862537e-02 -3.038289184076028993e-02
-2.054195566193905975e-03 -3.764110781075985512e-02 1.591877815349221237e+00 3.038406271969546976e-02 5.568077753171871841e-02 -3.283312808604175320e-02
6.185972009418172490e-04 -3.169715472336523399e-02 1.596526418802284297e+00 2.574654944777828025e-02 2.181788726145611479e-02 7.381920591203722237e-02
1.562252254359020043e-03 -3.573832798873753658e-02 1.599152069567480794e+00 4.989860104057671636e-02 9.939351041836594000e-03 9.886680064932527878e-02
-1.759721235558231456e-03 -3.407352358555931771e-02 1.603060424725583744e+00 1.108609609055574291e-01 1.689336263319270517e-02 9.512642335723696385e-02
-8.201481389720211013e-03 -4.071954954836409790e-02 1.607404118174258656e+00 5.649517683953363123e-02 -2.181883550242956390e-05 1.526613920571892082e-02
-9.486734752217618194e-03 -3.587221330081802328e-02 1.614321676875817957e+00 5.188587065932388082e-02 -1.217481625791565353e-01 -3.067728455028038287e-02
-1.262284676500891045e-02 -3.717521812907764733e-02 1.611545721483196303e+00 -2.401165526262096991e-02 -1.230191560016708069e-01 -5.315552458483977644e-02
-1.577444774804015459e-02 -3.732483977062095448e-02 1.623828153072224723e+00 -1.807667275826694009e-01 -2.320072071977237818e-02 -1.001067663614956388e-01
-6.568080394612429984e-03 -3.688608788313629816e-02 1.627128490941800010e+00 -1.882771240600171758e-01 2.935303774338045291e-02 6.996000263249831097e-02
-6.694195825135196287e-03 -4.530751036098090712e-02 1.628690912683453007e+00 -4.839569906223150503e-02 1.205487315844082884e-02 6.001612890859237687e-02
-3.538877491550129761e-03 -4.088910134640055816e-02 1.628281701066669029e+00 7.523019997558448579e-02 1.570768695295423831e-02 8.215195321985491184e-02
-5.020688101181614016e-03 -4.129051161667440795e-02 1.629724617666568065e+00 -2.031791586736210638e-03 1.949260108816476891e-02 4.413498387421953967e-02
-4.421463426770078087e-03 -3.943181066433243398e-02 1.631529935942580778e+00 -2.395763127843965681e-02 1.146455694357326541e-02 -7.200716372365592588e-03
-5.717416465785829516e-03 -4.541391608505329636e-02 1.625696294545718956e+00 1.167719210532149228e-02 2.797676932502385361e-02 7.797164936361282439e-03
-6.249429283243568278e-03 -4.201717354774103796e-02 1.628410019943657971e+00 3.471719404911811913e-02 2.754385139191622284e-02 -8.260298776324306869e-02
-6.981959038537821627e-03 -4.696621035875714334e-02 1.629323782900996775e+00 4.363885920201365093e-02 3.833168141028044790e-02 -4.512653607321653187e-02
-1.211592890392410027e-03 -3.763981416554232351e-02 1.626601764566430575e+00 -1.028369706081833368e-01 4.882719099662816836e-02 6.389412961746687714e-02
-1.238106428482765864e-03 -4.064061289281217793e-02 1.626539598643262252e+00 -6.377945396548159729e-02 7.770328999771638698e-03 5.110879924396122265e-02
-1.720146081728213261e-03 -3.586512153427778848e-02 1.618514427447792059e+00 8.356954025432486444e-02 -1.794998051632392538e-02 7.061900381993574394e-02
-5.806497821769340817e-03 -4.459213227684877268e-02 1.619811295688805330e+00 -5.890820374952298981e-03 7.376091538604938628e-04 -4.617370154412511751e-02
-7.379634489717457058e-03 -4.076684083619208643e-02 1.613003965713915022e+00 7.785730093233016180e-02 -6.186786382872046242e-03 -1.368464476910369321e-01
-6.337252774956336765e-03 -4.308046590788078278e-02 1.607260274709460646e+00 2.473191483674603841e-01 -4.239201154938651572e-02 -6.817008551264434890e-02
-5.949816555195663881e-03 -3.400196617153738998e-02 1.611522726371333647e+00 -6.467894565453712052e-02 -5.004161973920168843e-02 -9.078638085262144553e-02
-5.575144688803934656e-03 -3.540838598494333578e-02 1.607681206705990462e+00 -1.964081990953586154e-01 -4.969274852889438154e-02 -3.134782821702768174e-02
-3.835766341502733212e-03 -3.213555908092186053e-02 1.617465488766868020e+00 -1.860825612261903517e-01 -6.087702672815451660e-02 -6.823728147467444938e-02
-2.817127039628442020e-03 -3.403620600821066766e-02 1.606467529592862320e+00 7.210404650623979117e-02 -6.921820572558633200e-02 -2.787577191794399917e-02
-1.676557705777570462e-03 -2.875299757243432452e-02 1.599619488669418388e+00 1.168139168714827508e-01 -1.043856553432225692e-01 3.731311016173897294e-02
1.514926052647025401e-04 -2.649299128721799290e-02 1.602873889511272409e+00 -8.982159449241895743e-02 -1.086424423312217918e-01 5.721558476411538197e-02
2.695007020203643577e-05 -3.463782864415720919e-02 1.599617811070231710e+00 -4.972862122455224548e-02 -5.715477617818585238e-02 9.316613030768887416e-02
-4.019953021927591408e-04 -3.459292587080153858e-02 1.597996585130943004e+00 5.471138487011774354e-02 -2.494860887431860769e-02 1.584824797275138225e-02
-6.304535738102190479e-03 -3.976993400899009323e-02 1.594532219529071426e+00 5.162369607668074178e-02 -1.259793647617050288e-02 3.791128325719681641e-02
-5.068964506563133909e-03 -3.532277448861098623e-02 1.598570528976267724e+00 -3.279623663910712170e-03 -1.168772731750450595e-03 3.741368721648118557e-03
-7.216701859172225397e-03 -4.029238246459465600e-02 1.591467689489661552e+00 1.005655241398658445e-02 1.729616241619032300e-03 2.831909131466622473e-02
-5.628157702465497181e-03 -4.130525340067081608e-02 1.592867163433027144e+00 3.453870414791035404e-02 -1.916224995535676691e-03 3.714256889963075264e-02
-6.567900040383989335e-03 -4.055818632063834528e-02 1.590994931111993083e+00 3.789316623806984058e-02 -7.336281931661817191e-03 1.052779890705892243e-02
-6.565733268593332284e-03 -3.724513876050555838e-02 1.590723450434325059e+00 -2.041805114764921186e-02 4.260911608866531017e-03 2.847723524025218278e-02
-8.100840724691638073e-03 -3.806849757005745238e-02 1.591213968426075098e+00 5.748374458221343353e-02 4.042760498825216653e-03 -2.475587161958644339e-02
-4.939902322372624610e-03 -3.735876621408318332e-02 1.585340476609530924e+00 7.020879191139080266e-02 3.543989627527368604e-03 8.703981761052206889e-02
-4.914536416679604613e-03 -3.600818325267918230e-02 1.597785270195856810e+00 -8.482355447356697276e-02 7.313259862570257314e-03 7.781729165172869556e-02
-8.707247908837700834e-03 -3.931728469016602251e-02 1.597140720289303317e+00 -6.606536713397753724e-02 -6.878023804945226395e-03 9.556610749312928477e-02
-6.785502272196985984e-03 -3.596626009979392302e-02 1.597294722749950324e+00 4.009441178031807745e-02 2.590988968211732808e-03 3.142794966875391699e-02
-1.439211103915594148e-02 -4.168858919670301311e-02 1.605540893575494010e+00 5.021962415356567150e-02 2.113980142109454091e-02 -6.395282368363702785e-02
-1.293889158057059952e-02 -3.571187861068536584e-02 1.588763240135051547e+00 -7.190712806995176731e-02 2.797167018403284161e-02 -1.150362741910800485e-01
-1.662801082236686767e-02 -4.471029096967249483e-02 1.640113007169986759e+00 -1.698777060189329488e-02 2.887788076509343466e-02 -7.649023483426672931e-02
-1.214937670450860763e-02 -3.943054701213022373e-02 1.609887193022700558e+00 1.441756620227250402e-02 2.114033592958400667e-02 -2.304742777567659814e-02
-1.216617435586814233e-02 -3.915560741839135828e-02 1.555791524624680733e+00 4.575348003013308962e-02 1.322294611911915829e-02 1.032073798293245415e-02
-8.872334395358227876e-03 -3.420047105308216678e-02 1.606214684557926375e+00 1.411964910020080746e-02 1.609085063051070644e-02 -9.270008702508039308e-03
-6.537060034142561094e-03 -3.450439121091508632e-02 1.605618255835224772e+00 3.121075635888496003e-03 1.287826148569485955e-02 -2.190751500071365029e-02
-7.016692052909931365e-03 -3.332639322363997736e-02 1.614218236831504782e+00 -6.774089461317509865e-03 1.788913630068997285e-02 -6.606647258428340053e-02
-8.970226829499716725e-03 -3.617230573540805572e-02 1.613113322299625452e+00 -4.136103795221066776e-02 1.872143571364388165e-02 -7.405855417009014896e-02
-8.311081758057337066e-03 -3.773043173597742661e-02 1.620583568250822282e+00 3.525118217249546132e-02 1.531966222119386309e-02 -6.608021038762862398e-02
-8.282337205419598725e-03 -3.635380751051101034e-02 1.610404175448024944e+00 3.355284420327429157e-02 1.543946162219199218e-02 -4.951950676379641980e-02
-7.862477892156660708e-03 -3.682344250941804731e-02 1.616624414994930703e+00 -5.452818133284670528e-03 1.869332151068766115e-02 -4.279346701516897888e-02
-6.746998840819640186e-03 -3.379343374965365632e-02 1.617917416186628543e+00 -5.266767091205439011e-02 1.447531459551547328e-02 -7.139639397798092091e-02
-5.886147281628284489e-03 -3.326851224788240913e-02 1.620185841447096209e+00 -4.112833535294408566e-02 2.234922229320768922e-02 -6.453282359273324054e-02
-5.434655629778184505e-03 -3.337980920799737961e-02 1.629961657708577150e+00 3.823373374696152627e-02 2.230512229654199249e-02 -3.788617710648462672e-02
-2.868490781935628675e-03 -3.601453127915796304e-02 1.621985965909459537e+00 -8.297143499444895043e-03 1.443220124499593193e-02 -1.283453775722516975e-03
